22 4742 1685 47 23
22 2395 140 39 19
10 1774 1795 23 11
10 3048 799 17 8
10 1765 1869 12 6
10 3040 754 25 12
10 1798 2043 20 10
10 3102 1090 19 9
10 1814 2132 22 11
10 3092 1033 20 10
10 1834 2240 20 10
10 3085 992 18 9
10 1845 2294 23 11
10 3076 950 19 9
10 1854 2359 24 12
10 3049 1094 20 10
10 1908 2468 22 11
10 3044 1054 19 9
10 1875 2339 23 11
10 3043 1007 23 11
10 3975 3471 23 11
10 3037 965 20 10
10 3978 3539 21 10
10 3029 926 17 8
10 3991 3701 25 12
10 3279 1170 20 10
10 4021 3445 22 11
10 3260 1130 23 11
10 4019 3361 18 9
10 3210 1136 17 8
10 3815 2908 20 10
10 3228 1174 23 11
10 3852 2855 21 10
10 3158 1143 24 12
10 3751 2857 22 11
10 3170 1181 22 11
10 4051 2840 24 12
10 2832 1180 22 11
10 4290 2823 21 10
10 2954 1166 20 10
10 4118 2881 23 11
10 2996 1162 24 12
10 5506 2794 22 11
10 3346 1122 22 11
10 5218 2819 19 9
10 3399 1116 23 11
10 4951 2831 20 10
10 3483 1107 22 11
10 4994 2826 18 9
10 3440 1110 23 11
10 5180 2820 22 11
10 3361 1160 22 11
10 5069 2783 21 10
10 3403 1155 18 9
10 5117 2780 21 10
10 3439 1150 23 11
10 5453 2787 21 10
10 3024 670 20 10
10 5420 2830 22 11
10 2994 734 20 10
10 5516 2838 21 10
10 3522 1102 20 10
10 4910 3255 18 9
10 3566 1098 23 11
10 4820 3194 23 11
10 3667 1086 20 10
10 4868 3154 21 10
10 3658 1127 23 11
10 4812 3060 18 9
10 3568 1137 21 10
10 4859 3043 17 8
10 3834 996 12 6
10 4799 2892 20 10
10 3791 1113 21 10
10 4850 2954 21 10
10 3482 1146 20 10
10 4660 2794 23 11
10 3528 1143 23 11
10 4506 2807 21 10
10 4772 1819 19 9
10 4559 2850 23 11
10 4778 1860 18 9
10 4443 2857 21 10
10 4778 1900 18 9
10 4341 2866 22 11
10 4785 1955 16 8
10 4258 2871 22 11
10 4727 1831 17 8
10 4069 2886 21 10
10 4728 1862 16 8
10 4030 2889 20 10
10 4730 1901 17 8
10 4838 2769 22 11
10 4680 1965 19 9
10 4836 2724 22 11
10 4701 1867 22 11
10 4833 2675 20 10
10 4795 2134 22 11
10 4782 2616 19 9
10 4793 2095 16 8
10 4780 2579 19 9
10 4790 2057 21 10
10 4822 2532 20 10
10 4740 2021 18 9
10 4771 2493 20 10
10 4741 2058 20 10
10 4770 2424 25 12
10 4750 2160 21 10
10 4785 2382 21 10
10 4747 2120 20 10
10 4811 2334 22 11
10 4964 2186 23 11
10 4761 2324 24 12
10 4918 2190 22 11
10 4807 2296 20 10
10 4876 2192 23 11
10 4756 2270 20 10
10 5544 1563 15 7
10 5117 2184 21 10
10 3881 1116 22 11
10 5422 1542 21 10
10 4848 2240 16 8
10 3860 1175 23 11
10 4406 1198 21 10
10 4970 2230 21 10
10 3863 1214 23 11
10 5074 2227 22 11
10 3922 1202 23 11
10 5123 2228 21 10
10 3916 1242 19 9
10 5307 2186 18 9
10 3864 1276 22 11
10 5267 2184 23 11
10 3866 1326 24 12
10 5177 2185 23 11
10 3916 1340 16 8
10 5460 2238 17 8
10 3915 1383 16 8
10 5590 2249 22 11
10 3871 1396 13 6
10 5527 2196 19 9
10 3875 1460 24 12
10 5263 1254 19 9
10 3928 1574 20 10
10 4670 1123 21 10
10 3914 1491 16 8
10 4774 1009 21 10
10 3916 1445 21 10
10 4785 969 20 10
10 3878 1550 19 9
10 4799 874 23 11
10 3882 1628 21 10
10 4742 970 17 8
10 3935 1707 18 9
10 4732 1016 19 9
10 3884 1673 24 12
10 5367 782 20 10
10 3889 1796 21 10
10 5214 764 20 10
10 3939 1803 18 9
10 5173 758 22 11
10 3938 1856 21 10
10 5124 750 20 10
10 3945 1941 20 10
10 5085 746 21 10
10 3954 2036 21 10
10 28 445 23 11
10 3954 2092 18 9
10 51 443 22 11
10 3911 2160 20 10
10 74 445 20 10
10 3904 2068 20 10
10 96 441 21 10
10 3897 1892 15 7
10 116 432 19 9
10 3898 1932 24 12
10 177 435 19 9
10 3964 2292 20 10
10 156 430 24 12
10 3966 2245 19 9
10 131 437 24 12
10 3919 2316 17 8
10 61 312 20 10
10 3922 2356 23 11
10 34 312 18 9
10 3920 2398 19 9
10 93 514 18 9
10 3928 2501 25 12
10 160 508 17 8
10 3967 2517 18 9
10 218 497 16 8
10 3967 2479 21 10
10 198 500 22 11
10 3973 2643 23 11
10 178 504 20 10
10 3980 2696 20 10
10 141 508 19 9
10 3979 2747 19 9
10 112 512 19 9
10 3224 3420 23 11
10 285 448 23 11
10 3577 2877 21 10
10 257 310 22 11
10 3511 2928 19 9
10 71 231 20 10
10 3392 2934 19 9
10 56 165 22 11
10 3276 2899 26 13
10 42 125 20 10
10 2989 2972 23 11
10 25 81 21 10
10 2774 3002 18 9
10 10 45 16 8
10 2732 3010 22 11
10 92 91 23 11
10 81 62 22 11
10 2716 2961 18 9
10 70 39 22 11
10 5568 1589 17 8
10 3080 2693 22 11
10 108 138 20 10
10 4824 663 22 11
10 3089 2774 24 12
10 98 116 21 10
10 3073 2611 20 10
10 119 168 22 11
10 3868 834 21 10
10 3067 2571 21 10
10 124 194 22 11
10 3701 1123 22 11
10 3064 2526 23 11
10 60 18 22 11
10 4459 1546 18 9
10 3019 2484 21 10
10 42 6 8 4
10 4439 1608 16 8
10 3052 2424 17 8
10 133 218 21 10
10 5006 736 18 9
10 3006 2374 20 10
10 148 251 20 10
10 4961 731 19 9
10 3084 2334 17 8
10 282 423 20 10
10 5488 299 22 11
10 3037 2296 21 10
10 279 397 21 10
10 5474 421 23 11
10 3034 2257 17 8
10 279 374 16 8
10 5494 246 21 10
10 3031 2223 21 10
10 268 354 24 12
10 5480 350 21 10
10 2989 2208 19 9
10 956 7 8 4
10 4982 272 20 10
10 3024 2175 24 12
10 966 38 24 12
10 4832 287 22 11
10 2973 2053 18 9
10 974 75 16 8
10 4842 512 19 9
10 2968 2017 19 9
10 1078 178 21 10
10 4856 409 19 9
10 2940 1787 22 11
10 1086 198 19 9
10 3755 262 22 11
10 2990 1893 21 10
10 1066 136 20 10
10 2873 89 20 10
10 2996 1944 22 11
10 1054 120 20 10
10 2884 140 22 11
10 3008 2041 22 11
10 1054 96 16 8
10 2866 49 18 9
10 3005 1999 20 10
10 1106 236 21 10
10 2922 345 21 10
10 2946 1834 22 11
10 1122 250 22 11
10 2930 386 22 11
10 2986 1851 21 10
10 1128 328 23 11
10 2937 425 19 9
10 1918 2520 23 11
10 1134 384 21 10
10 2945 468 20 10
10 1907 2719 22 11
10 1372 146 21 10
10 2952 511 23 11
10 2014 2915 21 10
10 1386 159 21 10
10 2964 576 21 10
10 1998 2871 22 11
10 1035 62 21 10
10 4441 1544 23 11
10 2356 3708 22 11
10 1046 77 22 11
10 4423 1540 19 9
10 2292 3564 23 11
10 1490 81 22 11
10 4402 1534 21 10
10 2232 3438 22 11
10 1545 7 12 6
10 4414 1600 19 9
10 2205 3374 20 10
10 1514 8 14 7
10 4457 1604 19 9
10 2187 3332 23 11
10 1460 104 18 9
10 4478 1604 17 8
10 2168 3290 21 10
10 1561 28 23 11
10 4376 1605 21 10
10 2132 3197 21 10
10 2029 14 18 9
10 4358 1606 21 10
10 2315 3141 23 11
10 2047 52 18 9
10 4338 1606 19 9
10 2274 3155 19 9
10 2024 107 20 10
10 4318 1611 22 11
10 2192 3187 25 12
10 2039 146 24 12
10 4296 1614 20 10
10 2406 3104 23 11
10 2063 205 19 9
10 4330 1562 22 11
10 2473 3076 29 14
10 2063 96 13 6
10 4350 1546 20 10
10 2558 3054 22 11
10 2092 167 22 11
10 4305 1534 17 8
10 2602 3040 22 11
10 2077 130 18 9
10 4347 1512 19 9
10 2643 3032 19 9
10 2076 240 17 8
10 4364 1518 19 9
10 2346 3076 19 9
10 2126 250 18 9
10 4382 1524 20 10
10 2307 3091 20 10
10 2093 281 17 8
10 4635 1483 20 10
10 2263 3110 20 10
10 2111 324 22 11
10 4599 1443 17 8
10 2501 3023 22 11
10 2126 366 19 9
10 4563 1453 21 10
10 2576 3002 21 10
10 2146 411 24 12
10 4557 1475 22 11
10 2784 2980 21 10
10 2184 400 20 10
10 4556 1494 19 9
10 2924 1576 21 10
10 2168 364 21 10
10 4707 1508 23 11
10 2922 1538 18 9
10 2141 290 19 9
10 4789 1524 20 10
10 2916 1494 22 11
10 2108 208 20 10
10 4802 1489 20 10
10 2909 1444 24 12
10 2156 326 19 9
10 4779 1564 21 10
10 2980 1375 21 10
10 2892 185 20 10
10 4709 1578 20 10
10 3088 1287 22 11
10 2900 228 22 11
10 4715 1674 18 9
10 2902 1378 23 11
10 355 496 16 8
10 4718 1714 17 8
10 2892 1294 17 8
10 391 492 21 10
10 4722 1756 13 6
10 2896 1332 21 10
10 564 469 22 11
10 4767 1778 19 9
10 942 768 22 11
10 638 462 17 8
10 4765 1740 19 9
10 2004 56 23 11
10 33 752 20 10
10 4764 1691 18 9
10 2229 614 23 11
10 54 751 21 10
10 4762 1653 19 9
10 3994 713 30 15
10 73 751 19 9
10 4416 1395 22 11
10 3901 754 30 15
10 92 744 18 9
10 4382 1382 18 9
10 4692 686 24 12
10 151 738 22 11
10 4356 1374 16 8
10 4012 2936 25 12
10 16 1284 21 10
10 4505 1421 21 10
10 3886 2950 27 13
10 36 1277 17 8
10 4306 1342 19 9
10 3959 3052 25 12
10 104 1262 20 10
10 4175 1364 21 10
10 2880 2932 22 11
10 105 1280 22 11
10 4166 1412 22 11
10 2247 1246 32 16
10 106 1300 21 10
10 4188 1411 22 11
10 1911 1282 29 14
10 1263 1722 20 10
10 4174 1455 21 10
10 3111 1189 22 11
10 1175 1352 22 11
10 4150 1487 15 7
10 3994 976 19 9
10 1406 744 22 11
10 4547 1526 19 9
10 3986 958 17 8
10 1372 678 20 10
10 4636 1450 18 9
10 3974 942 17 8
10 1286 597 17 8
10 4636 1467 19 9
10 3964 925 21 10
10 1321 674 18 9
10 4635 1503 19 9
10 3956 909 18 9
10 1298 629 15 7
10 4634 1521 18 9
10 3945 887 20 10
10 1345 712 20 10
10 4564 1431 22 11
10 3939 869 19 9
10 1353 641 15 7
10 4596 1503 22 11
10 1250 524 18 9
10 4599 1550 20 10
10 1262 554 17 8
10 3480 470 25 12
10 1374 772 16 8
10 3481 319 24 12
10 1360 744 16 8
10 3664 386 20 10
10 1478 938 21 10
10 3674 405 21 10
10 1500 973 16 8
10 3656 312 21 10
10 1539 1052 19 9
10 3726 525 18 9
10 1520 1019 17 8
10 3717 503 17 8
10 1633 1151 20 10
10 3691 443 18 9
10 1623 1112 21 10
10 3745 570 13 6
10 1602 1076 21 10
10 3779 640 16 8
10 1529 946 23 11
10 3945 737 22 11
10 1507 910 24 12
10 3761 600 19 9
10 1738 918 22 11
10 3769 618 19 9
10 1480 868 24 12
10 3788 662 19 9
10 2248 554 19 9
10 3806 702 19 9
10 2228 512 16 8
10 4132 666 20 10
10 2177 487 23 11
10 4168 658 22 11
10 2192 524 22 11
10 3908 799 22 11
10 2214 468 18 9
10 3912 818 21 10
10 2248 668 21 10
10 3920 836 24 12
10 2264 709 21 10
10 4331 642 22 11
10 2357 831 20 10
10 4252 646 20 10
10 2294 786 18 9
10 4370 646 18 9
10 2325 752 19 9
10 4408 651 20 10
10 2342 792 20 10
10 4472 660 22 11
10 2309 712 22 11
10 4565 672 19 9
10 2292 668 19 9
10 4515 666 22 11
10 2270 608 19 9
10 4609 676 19 9
10 2517 821 17 8
10 4646 680 16 8
10 2497 614 22 11
10 4768 786 18 9
10 2352 922 21 10
10 4762 825 22 11
10 2385 1007 19 9
10 4784 660 18 9
10 2400 1051 16 8
10 4789 622 22 11
10 2447 905 18 9
10 4796 582 22 11
10 2452 934 18 9
10 4804 499 13 6
10 2457 965 21 10
10 4818 394 17 8
10 2457 1123 22 11
10 4867 9 10 5
10 2419 1166 17 8
10 4864 42 21 10
10 2409 1092 16 8
10 4857 85 23 11
10 2415 1131 16 8
10 4850 130 22 11
10 2672 1199 16 8
10 4882 199 20 10
10 2628 1204 23 11
10 4861 369 16 8
10 2431 1271 23 11
10 4839 552 17 8
10 2510 1258 15 7
10 4926 724 20 10
10 2544 1254 13 6
10 5050 741 15 7
10 2588 1250 20 10
10 5560 5 6 3
10 2686 1238 21 10
10 5521 325 23 11
10 2732 1232 26 13
10 5528 280 16 8
10 2530 1211 23 11
10 5551 100 15 7
10 2364 1235 19 9
10 5554 61 19 9
10 2326 1238 22 11
10 5466 473 23 11
10 2343 1283 22 11
10 5515 397 15 7
10 2301 1287 17 8
10 5454 587 20 10
10 2191 1253 18 9
10 5447 634 23 11
10 2191 1344 17 8
10 2859 15 18 9
10 2077 1352 20 10
10 2904 21 21 10
10 2116 1264 17 8
10 2933 181 17 8
10 2063 1266 20 10
10 2926 134 16 8
10 2022 1268 22 11
10 2912 63 19 9
10 1820 1225 18 9
10 2918 102 18 9
10 2009 1287 21 10
10 2976 413 21 10
10 2022 1318 23 11
10 2984 458 20 10
10 1962 1312 23 11
10 2989 494 16 8
10 1872 1296 22 11
10 3008 588 23 11
10 1826 1275 16 8
10 3000 536 20 10
10 1792 1262 21 10
10 2968 363 20 10
10 1696 1481 21 10
10 2952 288 21 10
10 1708 1548 23 11
10 2946 250 17 8
10 1714 1594 19 9
10 3015 624 15 7
10 1734 1696 26 13
10 2972 620 23 11
10 1750 1780 25 12
10 3059 856 20 10
16 868 989 29 14
16 1796 1612 23 11
16 126 735 29 14
16 1923 2776 33 16
16 4279 1059 29 14
16 68 517 20 10
16 1870 2529 23 11
16 1898 2671 26 13
16 45 517 22 11
16 1826 2188 29 14
16 1876 2572 23 11
16 258 332 22 11
16 435 485 27 13
16 1808 2091 23 11
16 1313 561 23 11
16 1782 1938 23 11
16 1452 53 25 12
16 1556 2031 23 11