10 4168 2214 22 11
10 1903 3380 22 11
10 4208 2233 21 10
10 2230 2987 18 9
10 4540 1987 23 11
10 2799 3039 23 11
10 4673 1972 21 10
10 2806 2570 23 11
10 3219 2473 18 9
10 1204 3626 22 11
10 4821 1874 23 11
10 3547 2497 24 12
10 1646 3497 22 11
10 5206 1786 18 9
10 3975 2175 22 11
10 1798 3479 24 12
10 1839 3723 21 10
10 5190 1823 23 11
10 4124 2293 23 11
10 1794 3412 24 12
10 5367 1783 23 11
16 1458 3458 30 15
16 3468 2573 25 12
16 3692 2470 26 13
16 1557 3261 35 17
16 4449 2218 26 13
22 4314 2026 50 25
20 1677 3320 84 28