22 420 1178 33 16
22 2754 969 42 21
22 3326 979 40 20
22 2925 1132 39 19
22 2942 2443 38 19
22 3397 1050 41 20
22 3305 998 41 20
22 2860 1074 42 21
22 1449 2680 40 20
22 3762 1087 32 16
22 30 501 39 19
22 3653 1029 38 19
22 3134 1342 44 22
22 500 1332 36 18
22 3732 1114 47 23
22 154 564 45 22
10 1736 383 22 11
10 1928 3211 18 9
10 1656 477 26 13
10 1910 3199 19 9
10 1627 499 18 9
10 1877 3161 18 9
10 1646 522 21 10
10 2156 3271 22 11
10 1607 520 23 11
10 2074 3009 24 12
10 1626 548 25 12
10 2418 2884 22 11
10 1612 571 21 10
10 2403 2900 20 10
10 1590 592 25 12
10 2425 2830 21 10
10 1014 152 21 10
10 2273 2763 19 9
10 829 268 23 11
10 2536 2763 24 12
10 274 497 24 12
10 2576 2724 21 10
10 240 467 17 8
10 2326 2663 25 12
10 1078 3063 16 8
10 2308 2648 18 9
10 1175 2999 13 6
10 2270 2681 18 9
10 1561 3022 16 8
10 2524 2643 21 10
10 1549 2923 19 9
10 2505 2661 15 7
10 1581 2902 16 8
10 2492 2676 17 8
10 1602 2892 24 12
10 2256 2512 20 10
10 1615 2878 22 11
10 2783 2287 23 11
10 1648 2707 18 9
10 2589 2130 25 12
10 1559 2605 22 11
10 3331 2071 20 10
10 1596 2584 22 11
10 3318 2057 18 9
10 1574 2548 20 10
10 3303 2046 21 10
10 1539 2569 21 10
10 3290 2027 11 5
10 1506 2481 18 9
10 3263 2000 18 9
10 1412 2404 22 11
10 3252 1986 22 11
10 1346 2377 18 9
10 3148 1892 19 9
10 1287 2318 22 11
10 3226 1737 18 9
10 1253 2342 17 8
10 3211 1722 26 13
10 1206 2370 22 11
10 3290 1727 15 7
10 1178 2332 23 11
10 3326 1683 17 8
10 1200 2321 21 10
10 3332 1598 22 11
10 1222 2302 21 10
10 3116 1616 20 10
10 1237 2191 25 12
10 2806 1021 23 11
10 1202 2219 20 10
10 2688 906 19 9
10 1179 2179 19 9
10 2985 1196 26 13
10 1167 2236 22 11
10 3462 1252 18 9
10 1149 2200 21 10
10 3437 1217 23 11
10 1116 2117 17 8
10 3456 1201 20 10
10 1082 2137 22 11
10 3492 1218 23 11
10 1128 2208 24 12
10 3508 1203 23 11
10 1097 2282 19 9
10 3469 1186 21 10
10 1076 2238 20 10
10 3484 1168 20 10
10 1136 2258 20 10
10 3505 1150 23 11
10 1081 2290 21 10
10 3544 1170 21 10
10 1062 2253 23 11
10 3522 1139 21 10
10 1032 2169 19 9
10 3561 1149 18 9
10 1143 2353 18 9
10 3576 1076 20 10
10 1121 2366 17 8
10 3534 1118 24 12
10 1077 2393 21 10
10 3582 1136 18 9
10 1066 2302 21 10
10 3700 1128 26 13
10 1044 2266 20 10
10 3617 1096 24 12
10 1025 2273 20 10
10 3590 1060 22 11
10 1035 2322 21 10
10 3633 1081 24 12
10 1000 2344 20 10
10 3626 1034 24 12
10 977 2306 24 12
10 3475 1234 21 10
10 978 2198 20 10
10 3321 1137 17 8
10 961 2208 17 8
10 5517 3722 19 9
10 3338 1125 16 8
10 928 2229 18 9
10 5536 3708 19 9
10 3352 1108 17 8
10 896 2251 20 10
10 5556 3696 20 10
10 3427 1025 19 9
10 872 2371 24 12
10 3416 1008 20 10
10 734 2510 15 7
10 3400 996 18 9
10 692 2528 22 11
10 3445 980 14 7
10 799 2466 22 11
10 3427 962 17 8
10 664 2397 21 10
10 3384 980 18 9
10 768 2335 23 11
10 3366 967 20 10
10 784 2322 18 9
10 3386 938 16 8
10 812 2303 21 10
10 3377 917 18 9
10 831 2296 18 9
10 3363 900 23 11
10 618 2251 20 10
10 3409 950 18 9
10 685 2203 16 8
10 3257 854 16 8
10 732 2177 23 11
10 3317 838 18 9
10 750 2166 23 11
10 3290 813 20 10
10 786 2148 24 12
10 3237 812 22 11
10 802 2137 19 9
10 4125 1126 25 12
10 776 2095 19 9
10 4110 1108 20 10
10 802 2080 20 10
10 4092 1096 23 11
10 853 2102 23 11
10 4068 1072 23 11
10 889 2083 17 8
10 4056 1054 21 10
10 905 2075 16 8
10 4045 1036 20 10
10 921 2066 17 8
10 3846 994 23 11
10 936 2054 18 9
10 3760 690 22 11
10 953 2040 21 10
10 3739 662 18 9
10 990 2020 20 10
10 3719 644 19 9
10 1005 2009 19 9
10 3700 625 20 10
10 1027 2001 23 11
10 3680 604 23 11
10 585 2117 21 10
10 3618 554 23 11
10 614 2097 17 8
10 3597 530 18 9
10 635 2084 21 10
10 2951 889 22 11
10 678 2059 18 9
10 2993 874 22 11
10 714 2034 21 10
10 3006 858 24 12
10 733 2028 22 11
10 3016 842 24 12
10 763 2002 17 8
10 2793 584 19 9
10 780 1995 20 10
10 2826 551 19 9
10 835 1960 23 11
10 2833 484 20 10
10 865 2051 18 9
10 2868 450 18 9
10 882 2037 12 6
10 2924 455 20 10
10 897 2027 18 9
10 2908 424 14 7
10 912 2014 20 10
10 2942 434 23 11
10 932 2002 20 10
10 2916 398 24 12
10 886 1934 15 7
10 2956 371 19 9
10 903 1919 21 10
10 2966 353 21 10
10 308 1783 22 11
10 3165 357 19 9
10 328 1771 22 11
10 2637 474 22 11
10 384 1725 17 8
10 2615 458 22 11
10 3289 190 22 11
10 402 1715 19 9
10 2979 134 18 9
10 420 1704 21 10
10 2963 146 14 7
10 1247 3729 21 10
10 439 1693 21 10
10 2952 163 23 11
10 5547 3632 18 9
10 235 1712 18 9
10 2932 175 22 11
10 1304 3672 19 9
10 252 1699 19 9
10 2918 192 21 10
10 1533 3646 22 11
10 271 1688 18 9
10 2862 214 20 10
10 1264 3718 23 11
10 285 1674 17 8
10 2850 200 20 10
10 5540 3612 19 9
10 299 1664 17 8
10 2831 184 19 9
10 1345 3631 21 10
10 316 1658 21 10
10 2839 138 22 11
10 5527 3596 16 8
10 334 1646 18 9
10 2854 124 17 8
10 1274 3702 17 8
10 372 1628 21 10
10 2872 114 21 10
10 1479 3706 19 9
10 400 1604 21 10
10 2886 99 19 9
10 5510 3582 20 10
10 426 1598 19 9
10 2859 51 26 13
10 1294 3686 22 11
10 68 807 21 10
10 2842 63 26 13
10 1494 3690 21 10
10 2807 156 16 8
10 1572 3368 22 11
10 2788 145 19 9
10 1616 3120 23 11
10 2762 116 19 9
10 1912 3364 20 10
10 2751 98 19 9
10 1912 3391 16 8
10 2688 80 22 11
10 1993 3275 19 9
10 2674 94 23 11
10 2019 3305 17 8
10 1737 432 21 10
10 1953 3246 19 9
10 1762 409 18 9
10 1940 3230 19 9
16 2855 516 20 10
16 2152 3092 30 15
16 1180 1016 24 12
16 2873 495 20 10
16 3456 947 30 15
16 350 1754 23 11
16 2895 482 23 11
16 2222 3210 17 8
16 354 1637 19 9
16 2852 466 22 11
16 2731 1988 22 11
16 830 2122 28 14
16 2888 434 25 12
16 4124 1195 30 15
16 970 2031 25 12
16 2940 390 20 10
16 2041 2980 30 15
16 250 1420 35 17
16 3476 395 21 10
16 2683 1158 33 16
16 3446 435 27 13
16 4188 1222 27 13
16 2126 346 35 17
16 4343 1044 27 13
16 3659 587 23 11
16 2099 3327 26 13
16 1884 295 20 10
16 3032 659 33 16
16 2010 3414 20 10
16 1758 364 21 10
16 2802 516 24 12
16 3159 2028 23 11
16 1978 3444 30 15
16 1229 376 32 16
16 2771 553 20 10
16 1976 3407 21 10
16 1662 500 18 9
16 2789 536 18 9
16 3454 995 24 12
16 1874 300 20 10
16 2816 498 18 9
16 4183 1172 29 14
16 595 450 29 14
16 2837 530 17 8
16 3248 1686 20 10
16 528 60 26 13
11 1706 454 47 15
11 3126 2002 32 10
11 706 85 38 12
17 472 321 60 20
23 2378 596 78 26
20 2284 503 58 19
20 3296 866 54 18
20 340 1497 78 26
20 448 1246 64 21