10 798 3486 24 12
10 2570 1290 20 10
10 5576 256 24 12
10 2026 3376 16 8
10 826 3484 19 9
10 2626 1223 17 8
10 5582 33 18 9
10 2021 3358 18 9
10 823 3426 20 10
10 2634 1166 20 10
10 5565 653 20 10
10 2004 3302 22 11
10 1162 3121 22 11
10 2606 1034 22 11
10 5019 922 20 10
10 1823 3223 18 9
10 1038 3078 19 9
10 307 2252 23 11
10 4795 798 11 5
10 1806 3279 21 10
10 1153 3054 19 9
10 411 2228 20 10
10 4666 719 22 11
10 1998 3286 22 11
10 1130 2992 17 8
10 458 2223 17 8
10 4304 734 22 11
10 1994 3266 20 10
10 1037 3148 20 10
10 560 2183 18 9
10 3778 762 22 11
10 1988 3249 20 10
10 961 3149 17 8
10 583 2074 23 11
10 3832 761 20 10
10 1980 3230 21 10
10 1014 3175 25 12
10 537 2092 23 11
10 3878 758 23 11
10 1946 3116 21 10
10 879 3200 19 9
10 721 2059 18 9
10 4980 1598 19 9
10 1951 3091 18 9
10 878 3278 22 11
10 649 2371 21 10
10 4863 1576 22 11
10 1340 3374 18 9
10 626 2301 20 10
10 4971 1782 18 9
10 1354 3416 16 8
10 507 1999 21 10
10 2936 1030 26 13
10 1389 3514 19 9
10 466 1854 23 11
10 3116 1209 19 9
10 1372 3624 18 9
10 597 2599 21 10
10 3112 1190 23 11
10 1352 3563 16 8
10 586 2577 22 11
10 3113 1168 20 10
10 1438 3728 15 7
10 580 2560 18 9
10 3257 1188 22 11
10 1110 2832 20 10
10 489 2585 18 9
10 3278 1182 16 8
10 1033 2690 19 9
10 390 2614 22 11
10 3194 1193 22 11
10 1613 2934 21 10
10 276 2645 18 9
10 3173 1194 21 10
10 1959 2801 23 11
10 242 2654 15 7
10 3154 1193 20 10
10 2066 2897 20 10
10 12 2433 14 7
10 3301 1175 18 9
10 1982 2951 21 10
10 8 2413 10 5
10 3321 1179 17 8
10 1911 2954 21 10
10 34 2360 16 8
10 3321 1270 17 8
10 1724 2756 20 10
10 53 2358 14 7
10 3282 1272 17 8
10 1708 2740 20 10
10 70 2352 13 6
10 3303 1267 16 8
10 1687 2715 19 9
10 90 2346 17 8
10 3259 1276 16 8
10 2033 2732 19 9
10 205 2652 19 9
10 3226 1279 20 10
10 2084 2707 15 7
10 176 2674 19 9
10 3206 1285 18 9
10 2128 2689 23 11
10 173 2638 20 10
10 3190 1287 18 9
10 2342 2705 17 8
10 158 2642 19 9
10 3068 1362 19 9
10 2317 2602 17 8
10 136 2646 18 9
10 3064 1448 16 8
10 2356 2580 18 9
10 68 2665 17 8
10 3304 1486 17 8
10 2444 2540 23 11
10 86 2662 18 9
10 3283 1494 19 9
10 2489 2519 16 8
10 102 2663 13 6
10 3260 1496 18 9
10 2363 2637 11 5
10 470 2670 18 9
10 3440 1027 21 10
10 2557 2543 20 10
10 501 2659 19 9
10 3698 1021 20 10
10 2547 2623 19 9
10 468 2920 20 10
10 3406 1594 21 10
10 2636 2774 19 9
10 246 3053 17 8
10 3536 1494 24 12
10 2776 2521 21 10
10 227 3062 16 8
10 3586 1522 22 11
10 2413 2671 23 11
10 204 3066 20 10
10 3566 1416 20 10
10 2698 2443 22 11
10 188 3072 19 9
10 3547 1421 18 9
10 3127 2660 20 10
10 170 3073 17 8
10 3596 1400 19 9
10 3113 2624 16 8
10 154 3083 16 8
10 3632 1387 17 8
10 3097 2563 18 9
10 132 3080 16 8
10 3624 1470 21 10
10 3059 2404 24 12
10 116 3094 21 10
10 3664 1459 21 10
10 3046 2368 17 8
10 98 3098 21 10
10 3761 1476 20 10
10 2868 2103 21 10
10 80 3100 22 11
10 3700 1378 21 10
10 2872 2062 21 10
10 106 3186 16 8
10 3722 1375 20 10
10 2287 2043 20 10
10 124 3180 20 10
10 3763 1364 17 8
10 2821 1832 20 10
10 142 3178 19 9
10 3824 1420 22 11
10 2761 1840 18 9
10 162 3173 20 10
10 3920 1407 17 8
10 2782 1839 15 7
10 181 3168 16 8
10 4044 1389 19 9
10 2742 1841 14 7
10 197 3160 21 10
10 4217 1413 21 10
10 2613 1866 19 9
10 216 3153 22 11
10 4378 1355 23 11
10 2576 1882 18 9
10 250 3144 20 10
10 4650 1377 24 12
10 2920 1856 20 10
10 244 529 18 9
10 269 3138 17 8
10 4577 1288 22 11
10 2936 1813 19 9
10 176 502 23 11
10 294 3130 22 11
10 4712 1381 20 10
10 2952 1779 17 8
10 179 475 21 10
10 307 3126 20 10
10 4881 1462 22 11
10 2964 1740 19 9
10 84 3237 20 10
10 4868 1425 17 8
10 2589 988 19 9
10 119 3232 22 11
10 4836 1404 24 12
10 2574 940 19 9
10 32 3344 20 10
10 4364 1890 25 12
10 2549 878 23 11
10 23 3327 15 7
10 4235 1813 22 11
10 2531 834 21 10
10 14 3303 12 6
10 3952 2202 23 11
10 2628 950 21 10
10 8 3284 9 4
10 3894 2082 21 10
10 2607 905 22 11
10 4 3265 5 2
10 4423 2218 24 12
10 2594 866 20 10
10 194 3205 19 9
10 5598 2906 20 10
10 2741 969 17 8
10 208 3198 17 8
10 5547 2922 22 11
10 2730 931 21 10
10 247 3186 17 8
10 5407 2970 23 11
10 2689 804 20 10
10 265 3184 21 10
10 5272 3016 18 9
10 2676 764 18 9
10 322 3165 21 10
10 5220 3033 22 11
10 2657 711 23 11
10 342 3159 16 8
10 5140 2979 18 9
10 2580 639 22 11
10 359 3154 23 11
10 5170 3048 21 10
10 2476 599 22 11
10 160 3300 23 11
10 5112 3067 25 12
10 2456 557 23 11
10 140 3305 19 9
10 4989 3102 24 12
10 2439 517 21 10
10 119 3312 17 8
10 4934 3075 23 11
10 2409 422 23 11
10 115 3366 22 11
10 4800 3196 18 9
10 2413 364 17 8
10 134 3352 21 10
10 4707 3184 25 12
10 2572 472 17 8
10 174 3345 22 11
10 4844 3062 18 9
10 2364 270 17 8
10 208 3332 20 10
10 4782 2979 19 9
10 2355 222 21 10
10 189 3336 16 8
10 4746 2896 23 11
10 2344 138 20 10
10 218 3287 23 11
10 4808 2918 18 9
10 2529 179 23 11
10 248 3320 21 10
10 4686 2860 18 9
10 2524 234 19 9
10 280 3307 19 9
10 4667 2814 17 8
10 2532 252 17 8
10 292 3266 11 5
10 4605 2671 22 11
10 2532 272 21 10
10 339 3290 20 10
10 4629 2612 23 11
10 2534 291 21 10
10 370 3322 24 12
10 4058 2545 22 11
10 2540 330 21 10
10 690 3137 21 10
10 4098 2670 23 11
10 2544 354 12 6
10 696 3224 20 10
10 4156 2772 20 10
10 2358 27 16 8
10 768 3104 20 10
10 4210 3151 22 11
10 2344 10 16 8
10 767 3058 17 8
10 4202 3069 17 8
10 2902 25 20 10
10 791 3069 20 10
10 4202 3029 19 9
10 2874 130 20 10
10 150 3438 17 8
10 4235 3407 23 11
10 2900 288 20 10
10 167 3432 19 9
10 4382 3296 19 9
10 2909 328 21 10
10 187 3427 18 9
10 4427 3278 19 9
10 3008 375 21 10
10 206 3423 18 9
10 4127 3267 17 8
10 2941 555 24 12
10 262 3404 20 10
10 4121 3243 20 10
10 2926 460 19 9
10 273 3398 22 11
10 3837 3490 23 11
10 2988 542 19 9
10 295 3398 18 9
10 3685 3527 18 9
10 2958 680 19 9
10 332 3383 19 9
10 3346 3668 19 9
10 3112 728 20 10
10 408 3356 18 9
10 3424 3260 19 9
10 3138 716 7 3
10 34 3580 19 9
10 3370 3296 19 9
10 3126 833 16 8
10 54 3575 18 9
10 3356 3260 17 8
10 3160 830 18 9
10 103 3558 18 9
10 3325 3174 23 11
10 124 3555 18 9
10 2992 962 18 9
10 3246 2973 22 11
10 144 3548 24 12
10 251 424 17 8
10 3186 796 22 11
10 3110 2982 18 9
10 71 3568 19 9
10 244 445 17 8
10 3246 791 21 10
10 3190 2820 19 9
10 372 3536 17 8
10 3288 788 19 9
10 3172 2775 19 9
10 461 3496 21 10
10 182 362 19 9
10 3500 755 24 12
10 3693 2026 24 12
10 440 3498 18 9
10 195 285 22 11
10 3520 774 21 10
10 3448 1993 21 10
10 554 3531 23 11
10 195 258 17 8
10 3574 773 19 9
10 3451 2061 28 14
10 564 3549 20 10
10 209 173 20 10
10 3615 769 19 9
10 3362 2129 17 8
10 572 3588 17 8
10 395 429 25 12
10 3665 770 24 12
10 2719 3116 24 12
10 593 3653 17 8
10 176 1316 24 12
10 3700 806 19 9
10 2645 3154 22 11
10 432 3573 19 9
10 128 1044 24 12
10 3673 832 22 11
10 2543 3244 16 8
10 470 3562 21 10
10 116 1000 20 10
10 3583 647 20 10
10 2510 3257 11 5
10 492 3645 21 10
10 104 896 20 10
10 3579 604 22 11
10 2499 3329 22 11
10 453 3654 20 10
10 64 1138 23 11
10 3579 472 22 11
10 2459 3185 18 9
10 438 3611 20 10
10 137 1162 20 10
10 3576 432 21 10
10 2448 3151 20 10
10 437 3593 17 8
10 100 1088 21 10
10 3591 184 16 8
10 2436 3088 17 8
10 442 3631 18 9
10 178 411 20 10
10 3350 24 22 11
10 2094 3727 22 11
10 348 3634 19 9
10 252 400 22 11
10 4086 13 25 12
10 1896 3310 22 11
10 361 3668 20 10
10 1218 829 21 10
10 4430 63 21 10
10 1912 3298 18 9
10 455 3679 22 11
10 2102 1431 22 11
10 4440 191 18 9
10 1880 3320 23 11
10 465 3705 21 10
10 2066 1446 17 8
10 4380 194 21 10
10 1863 3332 17 8
10 815 3736 7 3
10 2045 1459 18 9
10 4443 291 16 8
10 1844 3342 14 7
10 822 3544 21 10
10 2374 1337 19 9
10 5569 461 25 12
10 1928 3337 21 10
16 2612 2768 32 16
16 640 2791 22 11
16 3977 1872 33 16
16 250 3091 32 16
16 38 711 29 14
16 2738 2448 28 14
16 4348 1968 32 16
16 13 3119 17 8
16 2836 1040 26 13
16 189 306 23 11
16 2956 2296 20 10
16 2014 3342 23 11
16 92 3444 33 16
16 628 2216 24 12
16 2517 1316 25 12
16 2993 590 28 14
16 344 3370 28 14
16 2985 913 25 12
16 304 3174 22 11
16 333 2702 26 13
16 3588 142 22 11
16 720 3695 25 12
16 375 2697 27 13
16 5540 24 22 11
16 800 3429 24 12
16 452 2866 19 9
16 5511 877 26 13
22 536 1926 44 22
22 944 3188 40 20
22 913 3135 21 10
22 1742 2628 29 14
23 4485 2370 64 21