10 1637 1081 20 10
10 5312 441 21 10
10 1625 1004 19 9
10 5290 444 19 9
10 1633 1043 20 10
10 5264 443 24 12
10 1633 1062 20 10
10 5253 368 18 9
10 1757 768 17 8
10 5228 369 13 6
10 1814 760 17 8
10 5208 376 22 11
10 1834 756 22 11
10 5186 371 23 11
10 1858 751 23 11
10 5231 446 20 10
10 1910 749 21 10
10 5200 450 20 10
10 1995 673 23 11
10 5167 378 19 9
10 2018 661 14 7
10 5176 450 19 9
10 2037 665 26 13
10 5158 454 18 9
10 2065 657 19 9
10 5137 454 19 9
10 2089 651 18 9
10 5115 446 25 12
10 1857 560 21 10
10 5103 381 20 10
10 1879 558 22 11
10 5122 382 19 9
10 1904 560 21 10
10 5144 380 21 10
10 1930 556 20 10
10 4745 289 18 9
10 2038 540 22 11
10 4768 286 22 11
10 2003 546 20 10
10 4830 276 19 9
10 2179 523 22 11
10 4856 275 21 10
10 2204 528 26 13
10 4877 273 20 10
10 2228 523 22 11
10 4898 275 22 11
10 2263 519 22 11
10 4922 281 18 9
10 2314 509 20 10
10 4698 299 21 10
10 2338 506 24 12
10 4624 292 21 10
10 2362 508 22 11
10 4601 294 21 10
10 2388 506 24 12
10 4572 298 19 9
10 2409 510 20 10
10 4528 309 23 11
10 2433 510 23 11
10 4503 305 18 9
10 2452 505 22 11
10 4467 310 21 10
10 2514 499 24 12
10 4447 313 20 10
10 2554 492 23 11
10 4427 314 21 10
10 2580 489 18 9
10 4407 317 17 8
10 2600 485 24 12
10 4384 324 20 10
10 2624 479 20 10
10 4268 241 21 10
10 2675 481 22 11
10 4338 295 19 9
10 2702 476 21 10
10 4348 271 22 11
10 2726 473 23 11
10 4349 252 17 8
10 2750 469 23 11
10 4348 233 19 9
10 2773 469 22 11
10 4341 211 21 10
10 2819 464 20 10
10 4336 164 22 11
10 2845 462 19 9
10 4337 141 21 10
10 2866 455 18 9
10 4335 122 21 10
10 2890 457 22 11
10 4334 100 20 10
10 2913 453 15 7
10 4329 74 18 9
10 2937 454 22 11
10 4331 48 22 11
10 2958 449 21 10
10 4327 27 20 10
10 2980 448 20 10
10 4322 6 18 9
10 3009 446 17 8
10 5568 646 19 9
10 3030 444 17 8
10 5549 652 17 8
10 3052 440 23 11
10 5530 652 19 9
10 2919 532 23 11
10 5508 653 19 9
10 3007 526 18 9
10 5437 654 23 11
10 3074 336 16 8
10 5394 664 19 9
10 3076 304 23 11
10 5300 672 20 10
10 3069 236 21 10
10 5280 733 20 10
10 3069 209 22 11
10 5286 806 22 11
10 3069 188 23 11
10 5563 1164 22 11
10 3068 155 19 9
10 5564 1183 23 11
10 1849 488 21 10
10 5495 1178 18 9
10 1801 485 20 10
10 5476 1182 20 10
10 1810 440 23 11
10 5454 1183 21 10
10 1856 447 20 10
10 5433 1184 18 9
10 1869 366 21 10
10 5413 1187 18 9
10 1862 407 19 9
10 5396 1190 20 10
10 1816 391 23 11
10 5359 1193 22 11
10 1823 349 20 10
10 5338 1203 20 10
10 1830 305 18 9
10 5318 1196 19 9
10 1835 267 23 11
10 5312 1156 20 10
10 1844 217 25 12
10 5154 1278 21 10
10 1861 151 21 10
10 5125 888 23 11
10 1903 172 23 11
10 5107 978 22 11
10 1872 108 20 10
10 5128 981 18 9
10 1920 114 24 12
10 5132 1026 22 11
10 1932 67 23 11
10 2779 1688 19 9
10 1886 62 22 11
10 2801 1688 18 9
10 1943 28 19 9
10 2823 1685 19 9
10 1898 15 20 10
10 2843 1680 21 10
10 2301 616 20 10
10 2903 1678 19 9
10 2323 621 20 10
10 2926 1677 18 9
10 2298 711 20 10
10 2949 1674 20 10
10 1110 1009 24 12
10 1853 3548 19 9
10 409 1247 24 12
10 1732 3532 22 11
10 341 1226 23 11
10 1797 3284 21 10
10 362 1234 21 10
10 5533 24 18 9
10 1839 3283 22 11
10 373 1158 21 10
10 1936 3245 18 9
10 341 1110 19 9
10 1449 3355 20 10
10 351 1090 18 9
10 1424 3355 16 8
10 576 663 23 11
10 1290 3440 18 9
10 536 640 19 9
10 1258 3339 21 10
10 505 625 16 8
10 1235 3337 19 9
10 466 605 20 10
10 1197 3415 21 10
10 427 588 19 9
10 2948 3721 21 10
10 288 521 19 9
10 2938 3692 19 9
10 320 538 17 8
10 2935 3664 17 8
10 355 553 20 10
10 2934 3639 21 10
10 389 569 17 8
10 2932 3607 20 10
10 338 499 19 9
10 2928 3576 18 9
10 305 483 20 10
10 2873 3111 18 9
10 106 433 17 8
10 2818 2850 13 6
10 141 452 18 9
10 87 2158 20 10
10 170 467 13 6
10 31 2153 23 11
10 203 482 19 9
10 172 2168 19 9
10 31 397 19 9
10 220 2177 17 8
10 6 2008 16 8
10 5547 67 22 11
10 68 415 15 7
10 31 2002 21 10
10 5560 132 19 9
10 106 224 21 10
10 49 2008 20 10
10 5546 214 19 9
10 88 266 21 10
10 78 2011 17 8
10 5520 213 19 9
10 113 40 20 10
10 96 2011 19 9
10 5591 18 18 9
10 570 205 23 11
10 117 2013 15 7
10 5600 40 19 9
10 566 159 19 9
10 634 1781 19 9
10 5594 416 20 10
10 563 118 20 10
10 1477 2114 23 11
10 5573 417 18 9
10 1065 1240 20 10
10 1879 1778 23 11
10 5553 419 22 11
10 3674 1745 21 10
10 5529 418 22 11
10 3201 1552 23 11
10 5514 345 23 11
10 4266 1650 20 10
10 5535 343 22 11
10 4393 1443 19 9
10 5560 345 19 9
10 3700 2057 25 12
10 5580 342 22 11
10 1542 1321 17 8
10 5599 335 17 8
10 1539 1284 19 9
10 5380 356 17 8
10 1533 1179 20 10
10 5360 354 15 7
10 1534 1158 20 10
10 5338 359 19 9
10 1534 1138 19 9
10 5316 362 18 9
10 1526 1110 20 10
10 5295 368 20 10
10 1636 1144 21 10
10 5274 368 21 10
10 1636 1123 20 10
10 5376 434 20 10
10 1636 1105 17 8
10 5333 436 22 11
16 2410 687 31 15
16 5605 639 29 14
16 656 290 26 13
16 2890 3163 28 14
16 4650 299 39 19
16 4675 306 36 18
16 814 269 29 14
16 1636 1283 31 15
11 251 2118 41 13
30 5162 258 73 24
30 5056 273 59 19
30 5017 278 54 18
30 4975 283 66 22