20 4405 2262 83 27
20 4089 2219 76 25
20 2206 2973 81 27
23 937 3008 78 26
10 3778 1338 23 11
10 2574 3734 18 9
10 3705 1335 22 11
10 2583 3701 24 12
10 3688 1349 23 11
10 2333 3719 23 11
10 3642 1385 23 11
10 2214 3718 26 13
10 3666 1419 21 10
10 1948 3483 22 11
10 3693 1401 21 10
10 1936 3500 20 10
10 3715 1388 22 11
10 1768 3537 24 12
10 3783 1445 22 11
10 1860 3468 21 10
10 3764 1452 23 11
10 1830 3443 19 9
10 3736 1481 20 10
10 1814 3429 18 9
10 3719 1487 19 9
10 1886 3426 20 10
10 3686 1517 22 11
10 1784 3404 22 11
10 3665 1527 23 11
10 1780 3450 20 10
10 3651 1538 19 9
10 1766 3464 17 8
10 3639 1553 17 8
10 1752 3477 19 9
10 3612 1555 19 9
10 1737 3492 20 10
10 3598 1571 20 10
10 1644 3463 18 9
10 3493 1486 21 10
10 1659 3450 17 8
10 3509 1477 21 10
10 1673 3435 19 9
10 3535 1514 25 12
10 1689 3420 22 11
10 3566 1491 23 11
10 3582 1477 21 10
10 3599 1463 18 9
10 3614 1453 13 6
10 3630 1440 22 11
10 3542 1453 17 8
10 3559 1441 23 11
10 3573 1426 22 11
10 3591 1415 19 9
10 3608 1406 18 9
10 3376 1386 20 10
10 3309 1328 21 10
10 3340 1307 19 9
10 3408 1263 22 11
10 1700 3402 21 10
10 3349 1248 20 10
10 1753 3379 20 10
10 3384 1220 24 12
10 1335 3424 23 11
10 3402 1210 19 9
10 1446 3254 21 10
10 3441 1234 18 9
10 1614 3211 24 12
10 3459 1225 20 10
10 1642 3244 21 10
10 3478 1218 19 9
10 1651 3227 20 10
10 3504 1189 19 9
10 1668 3208 23 11
10 3455 1330 23 11
10 1661 3165 22 11
10 3490 1308 20 10
10 1677 3144 21 10
10 3508 1298 19 9
10 1696 3174 16 8
10 3526 1286 19 9
10 1732 3147 19 9
10 3557 1264 21 10
10 1764 3109 21 10
10 3588 1238 25 12
10 1800 3009 19 9
10 3619 1216 24 12
10 1769 3044 19 9
10 3651 1192 23 11
10 1980 3122 22 11
10 3671 1182 21 10
10 1960 3105 21 10
10 3713 1148 22 11
10 1006 3108 18 9
10 3813 1080 20 10
10 986 3089 22 11
10 3606 1117 22 11
10 943 3057 22 11
10 3554 1157 24 12
10 922 3042 23 11
10 3248 1318 23 11
10 900 3021 22 11
10 3285 1288 20 10
10 879 3004 19 9
10 3319 1271 23 11
10 860 2987 19 9
10 3448 1176 21 10
10 837 2964 21 10
10 3220 1232 23 11
10 748 2867 21 10
10 3239 1220 24 12
10 732 2667 23 11
10 3259 1208 22 11
10 1570 2750 24 12
10 3280 1187 21 10
10 1561 2769 23 11
10 3302 1177 24 12
10 1623 2716 20 10
10 3335 1153 20 10
10 1829 2681 21 10
10 3274 1139 20 10
10 1882 2685 18 9
10 3129 1140 19 9
10 1758 2579 23 11
10 2961 1044 20 10
10 1570 2415 25 12
10 2902 924 23 11
10 1347 2810 19 9
10 2926 960 22 11
10 1293 2813 19 9
10 2892 982 21 10
10 1267 2790 19 9
10 2868 947 22 11
10 4340 2975 18 9
10 1215 2729 22 11
10 2809 825 20 10
10 1200 2714 20 10
10 3342 694 23 11
10 1189 2696 18 9
10 3311 633 23 11
10 1209 2667 21 10
10 3363 434 19 9
10 1166 2684 19 9
10 2785 687 23 11
10 1191 2652 20 10
10 2831 654 22 11
10 1149 2671 19 9
10 2846 638 24 12
10 1130 2658 16 8
10 2866 628 19 9
10 1173 2639 21 10
10 2898 604 20 10
10 1145 2610 21 10
10 2997 540 17 8
10 1153 2628 21 10
10 2878 504 18 9
10 1270 2550 16 8
10 2978 432 20 10
10 1214 2526 17 8
10 2557 384 21 10
10 1226 2507 14 7
10 2518 349 22 11
10 1121 2422 22 11
10 2502 338 20 10
10 1097 2391 16 8
10 2490 320 21 10
10 1083 2408 20 10
10 2435 277 19 9
10 1104 2440 19 9
10 2271 291 24 12
10 1093 2456 21 10
10 2209 359 17 8
10 1079 2474 22 11
10 2367 549 23 11
10 1059 2493 23 11
10 2034 698 21 10
10 1043 2505 21 10
10 2194 893 21 10
10 4304 2949 23 11
10 1069 2426 20 10
10 2027 751 23 11
10 3563 2806 24 12
10 1053 2441 20 10
10 1921 827 22 11
10 3044 2855 27 13
10 1019 2475 21 10
10 2153 927 23 11
10 3004 2907 26 13
10 1005 2499 19 9
10 1882 867 21 10
10 3030 2928 23 11
10 985 2511 19 9
10 1650 1273 23 11
10 2987 2930 23 11
10 949 2614 24 12
10 1702 1188 24 12
10 3009 2952 22 11
10 979 2587 20 10
10 1832 1272 25 12
10 2963 2953 22 11
10 995 2569 19 9
10 1853 1384 17 8
10 2950 2977 24 12
10 937 2566 21 10
10 1824 1422 20 10
10 2994 2976 22 11
10 952 2553 24 12
10 1804 1579 16 8
10 2971 2998 23 11
10 969 2532 23 11
10 1782 1568 18 9
10 2919 3024 18 9
10 865 2523 26 13
10 1751 1564 19 9
10 2960 3032 20 10
10 520 2621 23 11
10 507 2603 22 11
10 2939 3046 24 12
10 2028 1440 22 11
10 483 2583 22 11
10 2880 3096 22 11
10 2096 1515 25 12
10 462 2570 21 10
10 2835 3094 24 12
10 2156 1570 22 11
10 4095 1864 22 11
10 2872 3118 22 11
10 1256 1648 23 11
10 4120 1855 22 11
10 2851 3146 24 12
10 1242 1634 21 10
10 4136 1845 19 9
10 2821 3165 23 11
10 1214 1610 12 6
10 4148 1832 20 10
10 2825 3188 22 11
10 1201 1591 19 9
10 4184 1810 21 10
10 2825 3212 25 12
10 1186 1579 22 11
10 4201 1797 22 11
10 4952 2408 25 12
10 1172 1566 21 10
10 4232 1778 19 9
10 4555 2492 21 10
10 1364 1733 20 10
10 4279 1737 20 10
10 4491 2626 25 12
10 1349 1719 19 9
10 4264 1751 21 10
10 3538 3280 23 11
10 1201 2036 21 10
10 4248 1765 20 10
10 3785 3495 23 11
10 1297 1892 19 9
10 4094 1757 20 10
10 3769 3508 21 10
10 1312 1907 24 12
10 4110 1745 19 9
10 3755 3524 22 11
10 399 31 26 13
10 4130 1734 17 8
10 3705 3464 23 11
10 3371 2486 22 11
10 3974 1199 22 11
10 3720 3561 21 10
10 3868 1222 20 10
10 3708 3576 22 11
10 3912 1354 21 10
10 3698 3591 18 9
10 3804 1273 18 9
10 3650 3644 21 10
10 3772 1294 23 11
10 3628 3672 26 13
10 3757 1304 24 12
10 3579 3725 20 10
10 3739 1316 23 11
10 3590 3708 19 9
16 3876 1374 26 13
16 1742 3081 19 9
16 1543 1236 29 14
16 3662 1364 28 14
16 1725 3101 21 10
16 1423 1669 23 11
16 3527 1464 25 12
16 1707 3115 21 10
16 1404 1652 25 12
16 3408 1364 24 12
16 1747 3129 20 10
16 1275 1945 25 12
16 3090 355 29 14
16 1716 3162 23 11
16 2906 283 24 12
16 449 2552 25 12
16 2400 575 30 15
16 1822 3040 19 9
16 387 2512 29 14
16 2232 489 29 14
16 379 2463 28 14
16 2282 472 29 14
16 445 2487 30 15
16 2437 110 32 16
16 1120 2691 28 14
16 2442 142 24 12
16 1118 2642 25 12
16 2408 138 23 11
16 1036 2458 23 11
16 1135 3236 23 11
16 1807 3057 20 10
16 2550 226 25 12
16 1163 3195 28 14
16 1794 3078 23 11
16 2324 233 28 14
16 4217 1788 23 11
16 1781 3095 19 9
16 1862 1423 31 15
16 4161 1703 23 11
16 1757 3065 18 9
16 1733 1312 25 12
22 1266 2630 41 20
22 2284 2939 39 19
22 2305 3059 59 29
22 1170 2586 44 22
22 2222 2886 38 19
22 238 2650 28 14
22 1246 2652 39 19
22 1806 2473 48 24
22 1279 2757 59 29
22 1810 2625 44 22
22 1699 2530 43 21
22 4417 2873 45 22
22 919 2622 40 20
22 1634 2474 41 20
22 3904 3494 44 22
22 4280 2032 34 17
22 1476 2332 43 21
22 3717 3694 50 25
22 4542 2931 41 20
22 4118 2283 43 21
22 1410 2280 45 22
22 1558 2948 33 16
22 2347 882 45 22