30 1319 2338 35 11
30 1337 2350 42 14
30 224 3556 61 20
10 2261 1455 22 11
10 3195 2542 18 9
10 1444 2367 23 11
10 535 851 21 10
10 2245 1442 19 9
10 3209 2520 24 12
10 1370 2303 20 10
10 386 721 23 11
10 2234 1428 16 8
10 3311 2385 21 10
10 1349 2293 21 10
10 382 3696 24 12
10 2215 1408 14 7
10 3376 2300 23 11
10 1226 2258 18 9
10 82 3597 24 12
10 1815 1139 24 12
10 2500 2403 24 12
10 1209 2286 21 10
10 1350 1288 23 11
10 2542 2438 21 10
10 1134 2226 16 8
10 1365 1272 20 10
10 2452 3677 21 10
10 2118 2247 19 9
10 1056 2047 21 10
10 1376 1249 24 12
10 1996 2183 22 11
10 497 2036 24 12
10 1434 1611 22 11
10 1836 1906 19 9
10 537 1984 21 10
10 1368 2564 21 10
10 1813 1654 22 11
10 329 2012 21 10
10 1385 2573 21 10
10 1951 1637 23 11
10 482 1935 21 10
10 1425 2557 23 11
10 2248 1635 23 11
10 290 2155 22 11
10 2213 1670 21 10
10 2558 3670 18 9
10 1451 2520 24 12
10 257 2186 22 11
10 2195 1656 22 11
10 2871 2700 23 11
10 1455 2503 23 11
10 877 1494 17 8
10 2172 1582 24 12
10 3163 2580 21 10
10 1467 2487 24 12
10 980 1399 24 12
10 2276 1476 22 11
10 3183 2563 18 9
10 1473 2423 21 10
10 731 986 22 11
16 436 1998 25 12
16 1233 2296 21 10
16 2025 1957 26 13
16 978 1635 22 11
16 511 1901 23 11
16 1307 2306 22 11
22 1913 1665 39 19