22 5445 433 53 26
22 4529 1835 51 25
10 2883 306 22 11
10 2007 2051 19 9
10 5387 422 19 9
10 2894 235 22 11
10 2008 2032 19 9
10 5378 459 22 11
10 2925 94 19 9
10 2009 2003 21 10
10 5371 478 20 10
10 2913 148 24 12
10 2067 1822 19 9
10 5361 510 22 11
10 3123 746 26 13
10 2064 1863 21 10
10 5422 521 21 10
10 3152 688 22 11
10 2062 1901 21 10
10 5272 515 22 11
10 3093 682 23 11
10 5548 1793 21 10
10 2059 1945 19 9
10 5317 532 21 10
10 3113 682 21 10
10 2060 2326 23 11
10 5354 529 19 9
10 3149 513 23 11
10 2041 2199 20 10
10 5348 546 19 9
10 3634 631 18 9
10 2107 2347 19 9
10 5321 613 19 9
10 3483 643 19 9
10 2093 2507 22 11
10 5428 601 23 11
10 3490 578 22 11
10 2094 2483 22 11
10 5433 586 24 12
10 3496 534 19 9
10 2027 2904 21 10
10 5425 620 23 11
10 3570 590 24 12
10 1942 3037 21 10
10 5319 634 20 10
10 3567 610 20 10
10 1978 3101 23 11
10 5050 703 22 11
10 3577 509 23 11
10 2232 3018 20 10
10 5172 779 21 10
10 3580 481 21 10
10 2269 3000 21 10
10 5520 798 25 12
10 3580 460 20 10
10 2330 2923 18 9
10 4748 289 20 10
10 3580 437 22 11
10 2411 2973 21 10
10 3293 660 23 11
10 3585 394 18 9
10 2444 2955 18 9
10 3514 336 20 10
10 1735 1885 23 11
10 3510 384 23 11
10 1682 1749 25 12
10 3506 427 20 10
10 1603 1683 26 13
10 3503 466 22 11
10 1549 1717 25 12
10 3518 289 20 10
10 1442 1773 20 10
10 3591 255 21 10
10 1365 1746 25 12
10 3663 263 20 10
10 989 1879 24 12
10 3616 753 25 12
10 916 1763 23 11
10 647 1945 23 11
10 5483 1771 23 11
10 4658 596 24 12
10 695 1906 22 11
10 5405 1815 23 11
10 4570 708 18 9
10 717 1804 23 11
10 5314 1790 24 12
10 4552 709 21 10
10 560 1787 21 10
10 4806 1858 22 11
10 4533 712 20 10
10 536 1755 24 12
10 4691 1834 25 12
10 4515 712 21 10
10 286 1948 25 12
10 4620 1868 23 11
10 4495 713 21 10
10 89 1842 22 11
10 4694 1993 24 12
10 4477 719 17 8
10 1951 3650 22 11
10 4476 1994 22 11
10 4466 801 22 11
10 1960 3374 20 10
10 4308 1996 23 11
10 4459 721 18 9
10 1909 3300 25 12
10 4331 1863 22 11
10 4488 801 21 10
10 1755 3276 23 11
10 3437 2365 23 11
10 4508 800 19 9
10 3133 3707 21 10
10 3434 2133 23 11
10 4562 812 24 12
10 3276 3007 22 11
10 3438 2071 22 11
10 4605 742 24 12
10 3336 3058 20 10
10 3439 2017 21 10
10 4713 771 21 10
10 3359 2942 21 10
10 3445 1925 19 9
10 4734 766 22 11
10 3368 2903 16 8
10 3453 1850 22 11
10 4755 767 22 11
10 3377 2845 18 9
10 3451 1807 22 11
10 4814 798 24 12
10 3405 2660 19 9
10 3453 1757 19 9
10 4813 818 17 8
10 3350 2526 23 11
10 3461 1656 17 8
10 4817 855 17 8
10 2682 2660 17 8
10 3464 1446 24 12
10 4737 834 20 10
10 2769 2486 22 11
10 3464 1489 18 9
10 4675 848 30 15
10 2713 2274 20 10
10 3472 1284 21 10
10 4654 854 24 12
10 2124 1026 19 9
10 3468 1323 20 10
10 4632 854 19 9
10 2120 1073 24 12
10 3537 1182 20 10
10 4631 139 21 10
10 2156 932 19 9
10 3536 1200 23 11
10 4626 198 20 10
10 2130 940 22 11
10 2733 1402 25 12
10 4743 190 23 11
10 2066 558 21 10
10 2801 1456 22 11
10 4738 88 18 9
10 2541 710 22 11
10 2806 1385 19 9
10 4660 334 21 10
10 2663 703 24 12
10 2816 1255 23 11
10 4659 356 22 11
10 2620 699 24 12
10 2792 1095 22 11
10 4658 395 20 10
10 2575 696 23 11
10 2041 1564 24 12
10 4654 414 25 12
10 2854 634 21 10
10 2035 1584 14 7
10 4633 455 21 10
10 2858 584 22 11
10 2039 1603 23 11
10 4740 420 20 10
10 2860 536 23 11
10 2035 1623 20 10
10 5028 409 25 12
10 2869 426 22 11
10 2033 1642 22 11
10 5206 397 20 10
10 2875 361 22 11
10 2118 1587 24 12
10 5226 398 17 8
16 3072 1795 25 12
16 1158 1915 27 13
16 96 2005 28 14
16 5334 597 24 12
16 3048 1792 27 13
16 2092 1480 28 14
16 2174 3040 28 14