30 154 1292 86 28
30 3460 2022 86 28
30 3313 1990 87 29
22 2036 2299 47 23
22 2815 1981 46 23
22 5393 2261 31 15
22 5464 2462 20 10
22 2116 1523 39 19
10 3818 748 21 10
10 3472 646 24 12
10 2710 2578 17 8
10 1916 1519 22 11
10 1343 950 16 8
10 2944 3688 16 8
10 2956 2616 22 11
10 134 210 24 12
10 848 1070 20 10
10 2010 2505 18 9
10 1100 2652 19 9
10 1140 2356 18 9
10 1961 1520 20 10
10 928 438 19 9
10 3825 694 20 10
10 3488 589 18 9
10 2672 2576 16 8
10 762 1617 19 9
10 2896 3594 23 11
10 142 1974 20 10
10 1897 1026 23 11
10 858 1049 17 8
10 2017 2456 17 8
10 3357 2678 22 11
10 2915 2612 21 10
10 1107 2606 19 9
10 1145 2314 24 12
10 2005 1522 20 10
10 2770 380 17 8
10 3401 574 21 10
10 128 255 23 11
10 938 364 17 8
10 1798 3006 23 11
10 2028 2394 18 9
10 1158 2641 21 10
10 72 2009 16 8
10 825 2154 17 8
10 1910 933 20 10
10 1342 929 18 9
10 2777 342 15 7
10 3312 564 19 9
10 3580 2312 20 10
10 758 1637 19 9
10 2051 1524 21 10
10 2904 3548 22 11
10 2948 2548 18 9
10 114 368 21 10
10 1908 2817 23 11
10 1965 2421 24 12
10 1146 2743 18 9
10 1074 2190 16 8
10 2065 1475 18 9
10 928 457 20 10
10 2786 307 14 7
10 3274 556 19 9
10 3588 2260 14 7
10 529 2150 24 12
10 1917 891 18 9
10 1348 896 16 8
10 1914 2764 22 11
10 1960 2464 21 10
10 3594 2228 15 7
10 2914 3470 17 8
10 1150 2696 18 9
10 1065 2131 17 8
10 2042 1426 22 11
10 2712 374 19 9
10 3147 536 25 12
10 2906 2542 18 9
10 104 416 23 11
10 919 492 21 10
10 1920 2726 21 10
10 1942 2562 19 9
10 474 2327 20 10
10 742 1675 20 10
10 1179 2502 21 10
10 1120 2138 20 10
10 1921 847 22 11
10 2723 292 20 10
10 3100 532 17 8
10 3584 2137 20 10
10 2887 3418 23 11
10 1865 1424 21 10
10 2835 2532 13 6
10 22 559 18 9
10 1902 2852 16 8
10 1948 2524 21 10
10 1186 2445 20 10
10 1306 2225 21 10
10 2219 1477 20 10
10 915 548 22 11
10 2798 226 17 8
10 3696 319 19 9
10 3620 2008 22 11
10 1353 874 15 7
10 464 2364 19 9
10 740 1701 14 7
10 1878 850 23 11
10 1960 2857 17 8
10 1926 2262 16 8
10 3554 1976 22 11
10 2932 3346 22 11
10 1114 2555 19 9
10 1261 2162 20 10
10 2427 1478 18 9
10 2735 208 22 11
10 3702 278 22 11
10 3123 2574 20 10
10 550 1407 22 11
10 907 588 22 11
10 1966 2815 21 10
10 1892 2257 17 8
10 442 2434 19 9
10 1218 2153 21 10
10 1868 939 24 12
10 2746 163 21 10
10 3517 2016 21 10
10 2458 1414 21 10
10 908 142 22 11
10 2942 3298 23 11
10 3198 2586 22 11
10 603 1413 16 8
10 1836 2250 15 7
10 909 2108 17 8
10 2446 1527 21 10
10 850 540 19 9
10 2826 49 24 12
10 3213 2043 18 9
10 725 1734 21 10
10 3011 3252 18 9
10 434 2468 19 9
10 1850 818 27 13
10 1840 2306 17 8
10 2602 1647 20 10
10 3254 2594 18 9
10 854 2099 15 7
10 2405 1531 18 9
10 2034 50 18 9
10 583 1436 19 9
10 838 626 19 9
10 1875 2309 18 9
10 405 2552 24 12
10 770 2085 19 9
10 1780 987 15 7
10 979 114 21 10
10 1996 50 23 11
10 2817 1140 19 9
10 664 1832 20 10
10 2316 1528 18 9
10 3199 3318 19 9
10 3293 2601 20 10
10 527 1430 15 7
10 1782 2298 20 10
10 898 1401 20 10
10 2274 1525 19 9
10 831 664 16 8
10 1983 142 17 8
10 2819 1092 22 11
10 321 2600 21 10
10 1782 970 15 7
10 924 33 21 10
10 1660 2222 21 10
10 2732 868 17 8
10 3018 3202 19 9
10 889 1380 18 9
10 2233 1526 24 12
10 1957 303 23 11
10 3336 2606 18 9
10 786 1095 18 9
10 161 28 20 10
10 196 69 21 10
10 898 655 21 10
10 1650 2276 20 10
10 243 2587 21 10
10 185 110 23 11
10 607 1893 23 11
10 1001 1408 20 10
10 1774 1012 19 9
10 1950 359 21 10
10 2689 804 16 8
10 3025 3152 18 9
10 2189 1526 24 12
10 3374 2612 22 11
10 843 1162 20 10
10 1603 2272 21 10
10 988 1500 16 8
10 2400 1565 26 13
10 893 676 17 8
10 1943 408 19 9
10 2705 720 22 11
10 918 79 21 10
10 106 2564 23 11
10 457 2027 17 8
10 1344 2233 18 9
10 2711 682 18 9
10 3036 3099 17 8
10 1033 1502 20 10
10 1676 1009 21 10
10 1978 455 21 10
10 3431 2621 19 9
10 2348 1564 18 9
10 838 1182 20 10
10 3046 3024 19 9
10 894 697 19 9
10 1383 2239 21 10
10 53 2554 22 11
10 1084 1501 19 9
10 1982 409 21 10
10 2716 642 22 11
10 963 208 19 9
10 2972 3100 19 9
10 3550 2524 12 6
10 1388 1030 20 10
10 1591 2212 18 9
10 1156 1504 22 11
10 2361 1529 23 11
10 886 741 21 10
10 1996 328 18 9
10 2726 594 23 11
10 2988 2978 20 10
10 413 2020 19 9
10 2978 3067 16 8
10 215 2624 22 11
10 1548 2204 21 10
10 2645 754 22 11
10 3553 2486 23 11
10 707 1552 17 8
10 1201 1504 19 9
10 2001 285 22 11
10 2696 1464 21 10
10 2994 2938 21 10
10 886 756 20 10
10 1496 2196 19 9
10 116 2608 22 11
10 1296 1508 22 11
10 966 182 19 9
10 2015 194 19 9
10 2658 674 21 10
10 369 2010 19 9
10 3156 3317 25 12
10 1460 1004 22 11
10 3561 2442 22 11
10 2806 1458 21 10
10 1365 2176 22 11
10 684 1625 19 9
10 1276 1459 18 9
10 881 777 21 10
10 2022 138 18 9
10 2666 635 22 11
10 3051 2983 12 6
10 20 2593 22 11
10 974 142 17 8
10 1325 2175 19 9
10 3048 585 22 11
10 3365 3512 24 12
10 1350 1507 17 8
10 2028 94 20 10
10 3569 2398 16 8
10 1518 1017 19 9
10 2910 1449 12 6
10 3063 2913 19 9
10 876 835 17 8
10 356 2719 24 12
10 321 2004 21 10
10 1436 1507 20 10
10 2022 468 19 9
10 2940 551 21 10
10 3253 3212 20 10
10 2870 2538 16 8
10 676 1659 16 8
10 3024 1450 20 10
10 3067 2876 17 8
10 1520 1513 16 8
10 874 932 21 10
10 1964 536 20 10
10 2863 541 18 9
10 888 259 20 10
10 326 2829 21 10
10 453 2073 23 11
10 1922 568 21 10
10 2824 534 22 11
10 3041 3061 16 8
10 1559 1516 20 10
10 1564 1028 23 11
10 2802 2527 18 9
10 659 1716 20 10
10 3137 1452 19 9
10 3068 2830 16 8
10 1961 578 19 9
10 868 903 15 7
10 272 3384 21 10
10 1118 2510 21 10
10 1602 1513 21 10
10 882 304 18 9
10 3638 306 24 12
10 2790 531 9 4
10 2771 2524 20 10
10 382 2056 18 9
10 1950 624 22 11
10 1604 1040 20 10
10 1973 2760 18 9
10 2730 2519 19 9
10 3430 1455 20 10
10 1127 2456 21 10
10 1664 1514 17 8
10 866 885 20 10
10 3740 12 14 7
10 3142 580 16 8
10 3083 2791 20 10
10 154 82 22 11
10 290 3099 20 10
10 876 353 23 11
10 1980 2718 18 9
10 3166 599 19 9
10 300 2041 20 10
10 630 1796 9 4
10 1130 2416 17 8
10 1944 699 17 8
10 3682 12 13 6
10 2689 2511 19 9
10 3565 1434 22 11
10 1628 1418 22 11
10 3008 2851 15 7
10 146 132 19 9
10 804 906 17 8
10 1988 2662 17 8
10 301 2968 22 11
10 1189 2404 18 9
10 1702 1514 20 10
10 945 308 18 9
10 3815 784 20 10
10 3266 596 23 11
10 2639 2501 17 8
10 1342 970 18 9
10 261 2034 21 10
10 770 1585 21 10
10 1894 751 20 10
10 856 1030 16 8
10 1994 2614 22 11
10 2579 2494 23 11
10 3454 1434 20 10
10 307 2919 22 11
10 1199 2350 22 11
10 1878 1519 15 7
10 3813 812 23 11
10 3304 619 21 10
10 3017 2810 22 11
10 174 180 17 8
10 948 281 22 11
10 854 1011 19 9
10 2005 2549 23 11
10 1088 2736 17 8
10 200 2027 22 11
10 1204 2303 21 10
10 1888 800 22 11
16 3004 3306 24 12
16 1247 1505 25 12
16 5588 2460 16 8
16 5415 2091 19 9
16 3336 2064 23 11
16 2581 1473 21 10
16 5530 2460 19 9
16 3835 642 22 11
16 5403 2176 17 8
16 2698 762 19 9
16 1346 996 30 15
16 5272 3378 18 9
16 2946 2002 22 11
16 3176 3324 24 12
16 5377 2321 20 10
16 1787 1528 25 12
16 5570 2460 19 9
16 2558 2050 30 15
16 3674 453 28 14
16 3202 3202 29 14
16 5426 2015 18 9
16 2006 240 21 10
16 5409 2134 19 9
16 3760 1516 25 12
16 5511 2459 18 9
16 3282 3156 22 11
16 292 3489 28 14
16 5417 2201 22 11
16 280 3244 34 17
16 5610 2459 15 7
16 2951 482 28 14
16 1652 1055 26 13
16 3525 2598 23 11
16 962 1478 30 15
16 3826 666 22 11
16 3180 3176 22 11
16 2133 1407 23 11
16 5548 2453 17 8
16 3139 2015 29 14
16 3315 3196 26 13
16 5266 3423 20 10
16 5406 2458 22 11
16 2681 860 28 14
16 1906 661 21 10
16 5510 2332 16 8
16 2901 1984 28 14
16 3007 558 27 13
16 877 858 27 13