23 4297 1062 65 21
17 1746 965 59 19
17 959 272 42 14
10 2605 1012 24 12
10 890 2799 19 9
10 5115 1845 19 9
10 67 1032 21 10
10 2780 841 25 12
10 918 2802 18 9
10 4970 1931 19 9
10 1062 887 23 11
10 2631 913 19 9
10 941 2804 19 9
10 4850 1964 21 10
10 1100 842 21 10
10 2869 797 23 11
10 962 2805 21 10
10 4733 1949 22 11
10 863 431 20 10
10 2937 765 22 11
10 986 2806 18 9
10 4630 2022 22 11
10 855 195 23 11
10 2964 837 21 10
10 1032 2805 21 10
10 4677 1963 20 10
10 3000 822 21 10
10 1058 2807 21 10
10 4528 2036 23 11
10 3036 800 23 11
10 1086 2810 19 9
10 4347 2125 22 11
10 3093 687 18 9
10 1142 2815 20 10
10 4261 2051 25 12
10 3125 670 21 10
10 1161 2813 18 9
10 4132 2057 21 10
10 3173 646 25 12
10 1192 2820 22 11
10 4078 2049 25 12
10 3304 583 23 11
10 1243 2822 23 11
10 4044 2029 19 9
10 3569 541 20 10
10 1266 2822 26 13
10 4027 1995 22 11
10 3525 477 23 11
10 1317 2826 25 12
10 4031 1884 22 11
10 3479 498 25 12
10 1370 2832 21 10
10 3912 1878 20 10
10 3432 521 20 10
10 1396 2832 22 11
10 3900 1699 18 9
10 3917 497 20 10
10 1649 2858 23 11
10 3590 1590 22 11
10 3754 420 23 11
10 1623 2858 21 10
10 3413 1622 30 15
10 4196 888 22 11
10 1596 2852 20 10
10 3967 2543 26 13
10 4107 731 22 11
10 1547 2847 21 10
10 4331 2689 21 10
10 4054 642 19 9
10 1620 2706 22 11
10 5133 2545 20 10
10 4030 602 19 9
10 17 2873 18 9
10 1639 2643 20 10
10 5185 2536 23 11
10 3964 571 25 12
10 1623 2668 21 10
10 5237 2490 18 9
10 3901 557 20 10
10 1809 2611 23 11
10 5256 2483 20 10
10 4233 950 21 10
10 1522 2960 20 10
10 5468 2485 22 11
10 5009 1338 21 10
10 1388 3026 20 10
10 5430 2492 22 11
10 4881 1226 21 10
10 1680 3427 20 10
10 5380 2500 21 10
10 4835 1157 23 11
10 1730 3415 22 11
10 5339 2509 22 11
10 4509 1486 22 11
10 1730 3695 17 8
10 5390 2622 20 10
10 4365 1515 28 14
10 1727 3730 16 8
10 5433 3068 17 8
10 4738 966 22 11
10 2079 3649 23 11
10 4943 3297 24 12
10 4632 717 24 12
10 724 3087 23 11
10 4893 3343 18 9
10 4510 382 20 10
10 3604 3709 18 9
10 4676 3510 21 10
10 4473 334 20 10
10 3548 3595 23 11
10 4670 3467 20 10
10 4483 372 20 10
10 3531 3459 18 9
10 4662 3429 23 11
10 4456 250 26 13
10 3538 3499 18 9
10 4640 3289 20 10
10 4524 128 20 10
10 3509 3248 25 12
10 4652 3362 21 10
10 4529 154 22 11
10 3490 3051 24 12
10 4617 3165 18 9
10 4224 153 20 10
10 3468 2864 23 11
10 4671 3156 22 11
10 4266 132 21 10
10 3677 2820 20 10
10 4601 3070 18 9
10 5214 47 18 9
10 3141 2104 22 11
10 5262 3301 24 12
10 2987 1903 24 12
10 29 2813 22 11
10 5277 37 19 9
10 3767 3175 24 12
10 2949 1842 22 11
10 68 2811 18 9
10 5318 120 24 12
10 3113 3050 19 9
10 2844 1786 23 11
10 108 2809 20 10
10 5554 285 22 11
10 2233 771 21 10
10 2492 1696 20 10
10 150 2805 21 10
10 5424 312 24 12
10 2227 589 20 10
10 2428 1699 26 13
10 186 2804 20 10
10 5498 455 21 10
10 2298 182 22 11
10 2383 1689 20 10
10 224 2803 23 11
10 5521 498 24 12
10 1870 814 23 11
10 2247 1659 26 13
10 180 2863 20 10
10 5576 604 22 11
10 1707 791 23 11
10 2155 1962 23 11
10 217 2861 21 10
10 5353 1301 24 12
10 1860 592 24 12
10 2066 1830 20 10
10 498 2799 18 9
10 5578 1698 23 11
10 1639 884 19 9
10 2055 1869 20 10
10 520 2796 18 9
10 5556 1778 21 10
10 1675 1236 23 11
10 1854 2116 22 11
10 542 2793 18 9
10 5598 1762 22 11
10 1677 1268 22 11
10 1979 1346 23 11
10 568 2795 20 10
10 5454 1750 25 12
10 1424 1220 21 10
10 2262 1420 21 10
10 596 2795 19 9
10 5445 1683 22 11
10 1365 1279 25 12
10 2404 1438 24 12
10 620 2798 18 9
10 5421 1702 24 12
10 1099 1166 22 11
10 2406 1414 22 11
10 644 2796 22 11
10 5251 1914 21 10
10 1462 1036 20 10
10 2663 1521 25 12
10 667 2793 20 10
10 5282 1893 20 10
10 1533 944 25 12
10 2719 1323 23 11
10 695 2798 18 9
10 5311 1878 21 10
10 1545 889 23 11
10 2704 1283 22 11
10 715 2797 21 10
10 5207 1849 22 11
10 994 1296 24 12
10 2662 1197 22 11
10 740 2795 20 10
10 5127 1953 19 9
10 1018 1509 24 12
10 2529 1107 20 10
10 768 2798 24 12
10 5145 1940 25 12
10 719 1642 24 12
10 2511 1069 21 10
10 793 2798 22 11
10 5184 1929 22 11
10 552 1724 22 11
10 2503 1053 21 10
10 817 2799 21 10
10 5100 1891 22 11
10 408 1791 24 12
10 2493 1037 17 8
10 841 2800 23 11
10 5058 1904 23 11
10 472 1621 19 9
16 3025 1439 32 16
16 3696 399 24 12
16 3581 450 22 11
16 1011 2805 21 10
16 5280 2457 24 12
16 4135 776 23 11
16 1567 2962 30 15
16 5397 2661 23 11
16 4377 1201 25 12
16 2129 3667 26 13
16 5442 3107 23 11
16 4485 1436 31 15
16 791 3392 34 17
16 4636 2958 21 10
16 4857 1484 33 16
16 1699 2686 35 17
16 3578 3464 23 11
16 225 1864 24 12
16 4907 1267 24 12
16 3492 2644 26 13
16 361 1849 30 15
16 3073 1487 25 12
16 3258 2299 29 14
16 438 1597 23 11
22 3561 3685 33 16
22 2646 1268 48 24