23 320 2803 91 30
30 3264 1915 85 28
10 4485 896 21 10
10 3308 261 21 10
10 3045 1265 23 11
10 4943 3637 20 10
10 5376 1398 19 9
10 3027 1234 25 12
10 5230 744 21 10
10 88 2955 21 10
10 2930 1177 20 10
10 633 2097 20 10
10 1726 2769 20 10
10 2865 1113 18 9
10 4055 594 17 8
10 802 852 7 3
10 2834 1115 14 7
10 290 2966 20 10
10 586 191 24 12
10 2769 1079 18 9
10 740 1169 19 9
10 5254 318 17 8
10 2731 1114 17 8
10 1233 638 17 8
10 3312 304 17 8
10 2641 1115 24 12
10 4980 3639 12 6
10 5553 3424 15 7
10 2686 1119 20 10
10 5501 3000 19 9
10 5535 2743 17 8
10 2962 1121 17 8
10 4846 1899 23 11
10 5390 1362 19 9
10 2994 1125 14 7
10 1726 2818 23 11
10 1136 2900 20 10
10 3081 1071 21 10
10 4526 890 22 11
10 3312 344 20 10
10 3036 1072 21 10
10 5269 742 18 9
10 4277 278 21 10
10 2992 1072 19 9
10 1235 562 21 10
10 5071 3637 20 10
10 2956 1074 14 7
10 616 2058 19 9
10 735 953 14 7
10 2919 1074 19 9
10 5388 1317 18 9
10 4014 611 20 10
10 2661 969 20 10
10 709 1179 22 11
10 578 242 21 10
10 2660 926 21 10
10 5553 3379 15 7
10 5602 3006 13 6
10 2874 1032 13 6
10 1722 2858 19 9
10 1138 2879 21 10
10 3715 1162 18 9
10 5496 2775 20 10
10 4796 1900 25 12
10 3695 1164 19 9
10 3487 457 19 9
10 5462 92 24 12
10 3655 1162 16 8
10 1229 532 20 10
10 4617 3578 18 9
10 3557 1090 21 10
10 100 2896 19 9
10 291 2927 20 10
10 3556 1069 23 11
10 5388 1277 20 10
10 514 2150 22 11
10 3551 1048 19 9
10 4020 575 19 9
10 735 925 10 5
10 3547 1008 24 12
10 1720 2912 17 8
10 736 1126 19 9
10 3543 984 23 11
10 570 282 16 8
10 3482 408 20 10
10 3478 1014 19 9
10 4616 3616 16 8
10 5490 184 20 10
10 3353 1019 19 9
10 1233 513 19 9
10 5542 3066 19 9
10 3356 1094 22 11
10 5505 3469 18 9
10 5474 2099 13 6
10 3348 945 25 12
10 5536 2786 14 7
10 1143 2853 19 9
10 3657 886 18 9
10 5438 1328 18 9
10 5138 806 23 11
10 3688 938 12 6
10 4642 874 21 10
10 3477 354 17 8
10 3709 940 11 5
10 1718 2946 16 8
10 518 2911 18 9
10 3668 941 7 3
10 4612 3655 14 7
10 12 2901 19 9
10 3651 940 11 5
10 836 1847 23 11
10 5486 226 18 9
10 3633 945 19 9
10 1153 757 21 10
10 4011 654 20 10
10 3887 1158 21 10
10 735 882 20 10
10 734 1088 19 9
10 3945 1187 22 11
10 5545 3096 12 6
10 5438 1363 19 9
10 3966 1180 20 10
10 1291 2903 20 10
10 540 333 25 12
10 3986 1168 18 9
10 5508 3513 25 12
10 1141 2832 15 7
10 3937 1217 20 10
10 5478 2190 20 10
10 1718 2982 22 11
10 3685 752 16 8
10 5538 2823 15 7
10 3475 315 18 9
10 3704 759 18 9
10 3968 134 21 10
10 5480 321 21 10
10 3665 758 22 11
10 1059 760 17 8
10 4679 2944 16 8
10 3647 762 16 8
10 4610 3701 19 9
10 5445 1414 22 11
10 3630 760 15 7
10 4440 1376 18 9
10 4679 869 17 8
10 3469 578 23 11
10 5020 774 19 9
10 1716 3023 22 11
10 3326 557 23 11
10 4011 694 18 9
10 734 1035 19 9
10 3326 599 17 8
10 1291 2883 23 11
10 803 143 18 9
10 3330 635 18 9
10 1140 1736 22 11
10 5478 381 19 9
10 3332 673 16 8
10 1034 759 19 9
10 740 676 18 9
10 3333 708 21 10
10 5514 3586 24 12
10 3471 270 15 7
10 2656 749 20 10
10 5496 2855 22 11
10 4038 178 24 12
10 2651 688 22 11
10 4681 2905 15 7
10 5447 1451 17 8
10 2652 653 20 10
10 4520 3522 17 8
10 1767 2970 21 10
10 2910 539 22 11
10 5503 3135 21 10
10 285 3530 20 10
10 34 2900 18 9
10 4882 2984 19 9
10 5518 2163 20 10
10 282 3602 22 11
10 734 993 16 8
10 3963 1880 22 11
10 4444 1398 17 8
10 282 3644 17 8
10 5437 344 21 10
10 3926 1854 23 11
10 1018 761 19 9
10 1194 2809 23 11
10 3804 1814 24 12
10 1294 2863 19 9
10 807 104 17 8
10 3804 1790 23 11
10 5478 1258 20 10
10 539 2951 19 9
10 3742 1790 17 8
10 5553 3340 18 9
10 3468 234 18 9
10 3592 1544 26 13
10 1769 2927 20 10
10 1143 1720 23 11
10 3591 1522 22 11
10 5540 2866 16 8
10 4031 276 17 8
10 3586 1499 21 10
10 4680 2867 17 8
10 5430 461 19 9
10 3588 1473 18 9
10 4562 3523 19 9
10 5408 1250 22 11
10 3587 1448 21 10
10 4729 818 24 12
10 741 638 16 8
10 3586 1427 23 11
10 5193 874 22 11
10 5556 86 18 9
10 3583 1402 24 12
10 4005 733 17 8
10 564 2612 20 10
10 3556 1366 24 12
10 5277 2998 17 8
10 1770 2889 18 9
10 3566 1248 20 10
10 1292 2848 20 10
10 757 1340 15 7
10 3642 1358 16 8
10 1140 2787 17 8
10 810 58 20 10
10 3661 1357 18 9
10 5520 2206 16 8
10 1098 761 16 8
10 3680 1352 19 9
10 5550 3301 14 7
10 3464 165 22 11
10 3699 1358 21 10
10 5401 1491 22 11
10 4067 294 19 9
10 3716 1348 26 13
10 4682 2825 19 9
10 5456 611 19 9
10 3170 2188 20 10
10 4484 3522 20 10
10 4622 830 23 11
10 3228 2194 18 9
10 5053 815 23 11
10 1772 2852 17 8
10 1929 1978 20 10
10 5430 851 16 8
10 1419 29 20 10
10 1968 1978 20 10
10 4004 770 17 8
10 1117 755 23 11
10 2014 1978 23 11
10 5550 3269 14 7
10 566 2837 20 10
10 2061 1977 16 8
10 5454 1542 18 9
10 1297 2830 21 10
10 2138 1972 21 10
10 5459 576 17 8
10 1144 2758 14 7
10 2190 1970 22 11
10 544 2570 21 10
10 1158 1702 16 8
10 2237 1969 23 11
10 1748 2890 16 8
10 740 602 18 9
10 2280 1968 20 10
10 2025 208 19 9
10 3462 123 16 8
10 2420 1763 17 8
10 5306 3732 22 11
10 4068 330 14 7
10 2074 1740 20 10
10 4369 2701 17 8
10 5456 1583 15 7
10 2076 1700 18 9
10 4442 3520 20 10
10 4536 847 23 11
10 2072 1664 15 7
10 5232 3043 15 7
10 1063 1247 18 9
10 2254 1604 22 11
10 5484 2330 21 10
10 5458 534 20 10
10 2351 1598 16 8
10 5430 888 17 8
10 608 2564 21 10
10 2142 1683 22 11
10 4039 840 21 10
10 1736 2647 18 9
10 2070 1594 21 10
10 1297 2811 19 9
10 2064 388 19 9
10 2066 1480 18 9
10 5342 3720 17 8
10 1148 2722 21 10
10 2068 1523 20 10
10 5410 1572 16 8
10 5092 810 17 8
10 2058 1330 20 10
10 4466 855 23 11
10 3460 64 15 7
10 2268 1228 19 9
10 1781 2728 22 11
10 4058 464 20 10
10 2064 1448 19 9
10 4390 2706 19 9
10 286 3353 20 10
10 2024 486 21 10
10 2142 1133 18 9
10 4399 3520 20 10
10 286 3433 20 10
10 1064 1324 23 11
10 2187 1133 17 8
10 5428 3700 20 10
10 282 3680 18 9
10 1159 1682 21 10
10 2160 1086 23 11
10 5405 1534 14 7
10 5432 923 15 7
10 286 3268 21 10
10 2330 1080 18 9
10 4041 799 16 8
10 5422 516 18 9
10 286 3309 20 10
10 2324 1126 24 12
10 286 3396 17 8
10 324 2512 22 11
10 747 495 20 10
10 2372 1126 20 10
10 5237 3064 20 10
10 1779 2687 20 10
10 272 3721 20 10
10 2249 1004 15 7
10 1299 2794 20 10
10 2026 442 19 9
10 2570 1124 20 10
10 5472 3697 15 7
10 1175 2772 25 12
10 2491 1076 20 10
10 5522 2329 19 9
10 5349 1698 23 11
10 2454 1121 23 11
10 4400 908 24 12
10 3462 23 16 8
10 2532 1183 21 10
10 4024 430 16 8
10 1138 1242 15 7
10 2085 1029 21 10
10 4310 2682 13 6
10 5413 628 20 10
10 2084 986 22 11
10 4359 3520 23 11
10 716 2656 24 12
10 2042 906 18 9
10 1780 2651 20 10
10 538 2768 23 11
10 1210 3742 20 10
10 2046 1017 20 10
10 5381 917 15 7
10 2031 61 20 10
10 1250 3741 18 9
10 2076 798 25 12
10 5509 3691 19 9
10 4043 759 14 7
10 1288 3740 14 7
10 2072 758 19 9
10 5550 1694 17 8
10 1168 1664 18 9
10 1357 3737 18 9
10 2038 770 22 11
10 4361 918 23 11
10 1302 2775 22 11
10 1391 3736 18 9
10 2032 697 17 8
10 1785 2610 20 10
10 1144 2812 23 11
10 1430 3734 19 9
10 2066 673 24 12
10 749 459 14 7
10 2030 98 20 10
10 1472 3732 21 10
10 2063 574 17 8
10 3318 451 16 8
10 1138 1221 15 7
10 1528 3727 16 8
10 2064 535 23 11
10 5554 3682 22 11
10 4027 390 18 9
10 1566 3724 17 8
10 124 2006 19 9
10 4417 2708 16 8
10 5309 1703 20 10
10 1607 3722 19 9
10 174 2023 24 12
10 4661 3215 24 12
10 5410 665 16 8
10 1640 3721 18 9
10 201 2057 21 10
10 5547 3174 19 9
10 696 2582 18 9
10 1712 3296 20 10
10 221 2038 19 9
10 5486 2494 22 11
10 1759 2614 20 10
10 1711 3349 18 9
10 216 2010 22 11
10 5382 873 22 11
10 2027 133 14 7
10 1712 3389 17 8
10 176 1996 20 10
10 5599 3678 16 8
10 4002 837 20 10
10 1712 3432 20 10
10 150 2141 15 7
10 5222 1708 21 10
10 4964 828 21 10
10 1712 3525 18 9
10 318 2187 22 11
10 4225 930 15 7
10 1307 2755 21 10
10 1713 3570 21 10
10 348 2069 19 9
10 1279 2980 17 8
10 1138 1168 13 6
10 1712 3610 18 9
10 359 1952 22 11
10 5455 719 21 10
10 580 2732 19 9
10 1760 3610 17 8
10 324 2021 26 13
10 697 2561 20 10
10 3320 486 18 9
10 1761 3578 16 8
10 266 1836 24 12
10 1737 2604 22 11
10 4202 210 22 11
10 1760 3539 15 7
10 125 1875 21 10
10 4448 2709 17 8
10 2022 173 18 9
10 1759 3505 16 8
10 1763 3225 23 11
10 4664 3171 16 8
10 5468 3592 15 7
10 1760 3430 19 9
10 1762 3183 23 11
10 5262 1702 22 11
10 1175 1646 20 10
10 1761 3390 15 7
10 1760 3139 18 9
10 5381 836 18 9
10 4260 928 22 11
10 1761 3351 17 8
10 1763 3100 24 12
10 4019 539 24 12
10 1742 2558 20 10
10 1762 3263 20 10
10 1715 3061 18 9
10 747 420 20 10
10 2035 13 16 8
10 1824 3665 15 7
10 1716 3099 17 8
10 5549 3232 17 8
10 1140 1194 15 7
10 1858 3664 16 8
10 1714 3136 17 8
10 5445 3590 17 8
10 1304 2735 18 9
10 1902 3664 18 9
10 1716 3170 13 6
10 5186 1705 17 8
10 1286 3007 16 8
10 1945 3663 21 10
10 1976 3080 22 11
10 5489 2541 20 10
10 5506 689 17 8
10 2008 3657 20 10
10 1903 3022 22 11
10 714 2517 23 11
10 3320 520 15 7
10 2052 3660 16 8
10 1948 3022 23 11
10 1789 2572 15 7
10 4322 215 17 8
10 2096 3658 23 11
10 1822 3018 17 8
10 4479 2706 19 9
10 2073 26 22 11
10 2135 3656 20 10
10 1953 2997 20 10
10 4665 3136 14 7
10 5427 3588 17 8
10 2175 3652 17 8
10 2087 3076 18 9
10 5144 1704 24 12
10 5402 986 21 10
10 2215 3648 18 9
10 2228 3036 23 11
10 4311 1448 22 11
10 4349 872 19 9
10 2258 3645 23 11
10 2275 2956 21 10
10 4854 844 25 12
10 1285 1151 21 10
10 2300 3640 21 10
10 2134 3014 24 12
10 5546 690 20 10
10 1368 2735 18 9
10 2339 3634 21 10
10 2668 3044 19 9
10 1338 2952 21 10
10 722 2498 22 11
10 2590 3608 21 10
10 2674 3086 23 11
10 761 2409 21 10
10 195 1151 17 8
10 2647 3600 20 10
10 2681 3128 22 11
10 749 380 15 7
10 2204 342 19 9
10 2691 3596 18 9
10 2687 3168 14 7
10 5412 3590 17 8
10 3355 528 18 9
10 2512 3617 19 9
10 2840 2728 20 10
10 5096 1706 20 10
10 4606 229 16 8
10 2470 3621 22 11
10 2862 2722 18 9
10 4513 2710 24 12
10 464 3269 21 10
10 2421 3560 19 9
10 3189 2804 16 8
10 4676 3031 20 10
10 4310 876 17 8
10 2314 3439 23 11
10 4689 778 19 9
10 5505 3215 22 11
10 776 2384 16 8
10 2163 3448 18 9
10 4204 3448 18 9
10 5490 2582 17 8
10 2645 366 17 8
10 2744 3692 15 7
10 5392 3590 24 12
10 5382 995 18 9
10 2748 3731 13 6
10 5014 1708 20 10
10 4312 1410 21 10
10 2720 3370 19 9
10 5591 695 18 9
10 1380 2786 20 10
10 2726 3406 19 9
10 1286 2948 20 10
10 731 2476 17 8
10 2701 3256 25 12
10 794 2350 19 9
10 201 2963 25 12
10 3080 3576 19 9
10 241 1050 19 9
10 2644 452 17 8
10 3043 3585 19 9
10 288 3072 23 11
10 3316 420 16 8
10 3005 3595 22 11
10 5333 3588 22 11
10 4648 230 17 8
10 2962 3600 18 9
10 4487 1768 20 10
10 4970 1712 17 8
10 2915 3609 17 8
10 4676 2988 20 10
10 4216 890 21 10
10 3119 3568 18 9
10 5498 754 20 10
10 790 250 22 11
10 3160 3559 14 7
10 5380 954 12 6
10 743 2444 25 12
10 3197 3549 15 7
10 4308 1391 20 10
10 822 2322 18 9
10 3238 3539 18 9
10 5509 3348 17 8
10 2645 488 17 8
10 3254 3651 22 11
10 5314 3589 17 8
10 1388 2768 22 11
10 3278 3534 21 10
10 4885 1853 22 11
10 1288 2926 17 8
10 3378 3520 15 7
10 5530 2624 16 8
10 290 3111 17 8
10 3424 3517 22 11
10 4142 946 24 12
10 4046 21 21 10
10 3420 3592 22 11
10 839 2458 18 9
10 4706 288 21 10
10 3402 3595 22 11
10 4700 1901 15 7
10 2645 250 21 10
10 3623 3570 24 12
10 4653 3432 24 12
10 5356 3590 19 9
10 3524 3332 22 11
10 5118 1823 25 12
10 4926 808 23 11
10 3640 3436 22 11
10 5436 960 20 10
10 5540 752 16 8
10 3329 3078 19 9
10 4307 1318 16 8
10 1142 2995 20 10
10 3294 3125 22 11
10 844 2418 15 7
10 164 2959 25 12
10 3342 3190 19 9
10 1390 2753 15 7
10 2647 47 20 10
10 3302 3191 21 10
10 1363 2950 15 7
10 287 3147 18 9
10 3514 3202 20 10
10 5376 3589 15 7
10 414 1120 23 11
10 3505 3091 21 10
10 5401 1828 19 9
10 512 595 20 10
10 3624 3267 22 11
10 4103 953 13 6
10 4043 74 17 8
10 3613 3176 26 13
10 5581 752 18 9
10 4695 187 16 8
10 3610 3128 25 12
10 4739 1899 23 11
10 1162 2994 21 10
10 3606 3084 16 8
10 4657 3344 18 9
10 827 2552 18 9
10 3602 3025 22 11
10 5508 3390 19 9
10 2650 3 3 1
10 3597 2964 20 10
10 5298 3590 16 8
10 5530 2578 21 10
10 3508 2803 19 9
10 5352 1878 22 11
10 5426 1090 20 10
10 3474 2766 25 12
10 4444 1358 21 10
10 286 3188 17 8
10 3206 2894 20 10
10 4058 956 22 11
10 1398 2738 15 7
10 3223 2930 21 10
10 4775 811 25 12
10 1216 2224 18 9
10 3226 2805 23 11
10 2593 91 18 9
10 4796 194 17 8
10 3244 2802 19 9
10 4668 1985 19 9
10 5114 3637 18 9
10 3263 2804 19 9
10 5254 1883 21 10
10 427 1064 14 7
10 3579 2777 17 8
10 5428 1141 22 11
10 5606 752 8 4
10 3568 2660 16 8
10 1183 2996 20 10
10 523 552 19 9
10 3569 2622 19 9
10 5504 3314 19 9
10 1268 2248 20 10
10 3461 2588 16 8
10 1395 2662 14 7
10 2552 92 19 9
10 3563 2460 20 10
10 5528 2539 16 8
10 287 3231 21 10
10 3648 2424 22 11
10 5019 3638 25 12
10 4837 198 23 11
10 3161 2595 22 11
10 4613 1903 20 10
10 5202 1884 22 11
10 3161 2568 17 8
10 4102 902 18 9
10 145 2959 22 11
10 3157 2551 20 10
10 5381 1039 18 9
10 5436 816 15 7
10 3158 2531 18 9
10 1185 2959 21 10
10 456 907 19 9
10 2604 2697 21 10
10 1285 2238 20 10
10 1422 2657 19 9
10 2587 2655 21 10
10 528 512 18 9
10 3294 21 21 10
10 2480 2101 21 10
10 5058 3572 17 8
10 4900 239 20 10
10 2484 2141 18 9
10 4568 1905 17 8
10 5151 1887 24 12
10 2550 2102 20 10
10 5508 3274 16 8
10 458 3142 21 10
10 2558 2123 14 7
10 5526 2501 21 10
10 4144 898 20 10
10 2365 1966 24 12
10 5380 1082 21 10
10 1198 2202 19 9
10 2500 2260 24 12
10 4769 854 18 9
10 3329 49 21 10
10 2963 2183 21 10
10 4842 3561 23 11
10 1203 2585 16 8
10 3003 2174 17 8
10 5538 2900 12 6
10 125 2960 20 10
10 3703 2305 18 9
10 5043 1890 20 10
10 5026 240 19 9
10 3752 2357 24 12
10 4169 1870 19 9
10 1165 2957 20 10
10 3684 2308 18 9
10 5326 778 21 10
10 464 864 25 12
10 3662 2307 18 9
10 5381 1121 20 10
10 3295 63 21 10
10 3637 2293 14 7
10 1198 2168 18 9
10 536 466 14 7
10 3559 2322 23 11
10 4799 3552 18 9
10 5554 3546 17 8
10 3537 2204 19 9
10 1307 2712 11 5
10 492 3100 23 11
10 3568 2035 23 11
10 5530 2667 19 9
10 4002 917 16 8
10 2654 1954 20 10
10 752 1302 13 6
10 5064 242 16 8
10 2700 1952 19 9
10 1237 730 20 10
10 5542 2937 15 7
10 2828 1948 21 10
10 5382 1185 17 8
10 1147 2956 19 9
10 2948 1944 22 11
10 5004 1887 20 10
10 4443 947 13 6
10 3038 1942 21 10
10 1297 2597 18 9
10 3299 104 19 9
10 2762 1907 25 12
10 4976 3572 20 10
10 740 798 21 10
10 2824 1906 17 8
10 5284 783 21 10
10 547 420 24 12
10 2879 1905 19 9
10 4000 878 17 8
10 4963 202 20 10
10 2927 1900 20 10
10 1241 707 24 12
10 994 2208 13 6
10 2952 1879 20 10
10 5556 3510 20 10
10 750 1268 21 10
10 3006 1877 21 10
10 5495 2701 17 8
10 3300 144 19 9
10 2974 1902 16 8
10 4934 3572 16 8
10 5432 1220 22 11
10 3022 1901 23 11
10 5501 2962 18 9
10 1262 2591 17 8
10 3064 1874 20 10
10 4962 1892 27 13
10 106 2956 23 11
10 3120 1872 24 12
10 1133 2924 17 8
10 793 805 13 6
10 3155 1893 20 10
10 443 3397 23 11
10 5298 256 20 10
10 3202 1892 22 11
10 1240 686 25 12
10 3306 221 16 8
10 3234 1869 24 12
10 659 2118 23 11
10 592 147 23 11
10 3248 1893 20 10
10 4865 3635 20 10
10 5396 1400 21 10
10 3288 1891 16 8
10 5554 3464 12 6
10 745 1213 21 10
10 3290 1868 21 10
10 4050 672 20 10
10 1334 2599 17 8
10 3327 1888 21 10
10 5600 2968 17 8
10 5534 2705 13 6
10 3036 1489 25 12
10 1172 2909 22 11
10 5277 163 18 9
10 3035 1470 24 12
10 1232 665 22 11
10 5610 1872 6 3
10 3084 1455 22 11
16 1811 2278 18 9
16 4948 2793 24 12
16 1662 1734 19 9
16 1170 1520 22 11
16 5066 768 27 13
16 4340 1896 19 9
16 2054 2492 17 8
16 3084 1596 27 13
16 1758 2362 17 8
16 1370 1361 20 10
16 2690 1908 24 12
16 2134 110 24 12
16 940 2651 26 13
16 4808 1716 27 13
16 2207 2489 17 8
16 1195 1582 19 9
16 1408 1636 12 6
16 880 2672 29 14
16 4545 181 23 11
16 1754 2402 16 8
16 1886 1653 15 7
16 1076 755 23 11
16 821 2571 26 13
16 443 1320 25 12
16 5309 1879 21 10
16 2362 3484 23 11
16 939 2608 32 16
16 2340 2482 16 8
16 3455 2223 26 13
16 610 2300 26 13
16 944 2634 28 14
16 1747 2474 15 7
16 1918 2489 17 8
16 1777 2165 18 9
16 1832 2075 18 9
16 1498 1631 20 10
16 934 2672 28 14
16 1542 1631 18 9
16 886 2648 26 13
16 3040 1534 34 17
16 2176 106 17 8
16 1582 2349 20 10
16 1970 2494 13 6
16 3724 2303 20 10
16 1808 2322 19 9
16 2356 3423 24 12
16 1161 1462 20 10
16 1232 1466 8 4
16 2106 2493 21 10
16 1807 2360 17 8
16 2372 2478 15 7
16 2140 1736 31 15
16 795 191 25 12
16 2255 2485 17 8
16 3019 1277 20 10
16 1312 1638 19 9
16 1496 1679 17 8
16 1754 2438 21 10
16 596 2212 25 12
16 4444 1448 21 10
16 5248 1198 29 14
16 1745 2513 17 8
16 2025 256 30 15
16 1581 2253 16 8
16 4654 3388 22 11
16 1882 2491 18 9
16 3740 1761 26 13
16 1817 2236 19 9
16 3480 2831 23 11
16 1603 1646 17 8
16 1908 1656 8 4
16 4185 1892 25 12
16 1411 1682 12 6
16 2010 2492 15 7
16 2406 2477 16 8
16 2145 1605 21 10
16 1766 2292 22 11
16 502 1037 18 9
16 5601 83 14 7
16 1356 1160 28 14
16 2461 2995 20 10
16 2168 2488 18 9
16 3613 945 20 10
16 1166 1498 15 7
16 1275 1638 12 6
16 1370 1379 18 9
16 1424 2680 19 9
16 1802 2397 17 8
16 218 1055 28 14
16 1373 2598 22 11
16 5490 3596 34 17
16 3188 1871 24 12
16 682 2631 31 15
16 2298 2484 17 8
16 1774 2198 20 10
16 627 1888 27 13
16 1798 2437 19 9
16 2482 2468 22 11
16 1456 1681 18 9
16 1861 1654 11 5
16 1793 2540 22 11
16 1455 1634 21 10
16 662 2404 27 13
16 3850 597 24 12
16 2448 2472 16 8
16 2414 1083 33 16
16 3347 3566 22 11
16 1768 2254 17 8
16 4692 3450 21 10
16 1845 2488 14 7
22 4625 3301 37 18
22 4366 177 26 13
22 2874 3616 26 13
22 3459 2350 45 22
22 4376 150 44 22
22 422 1443 34 17
22 1420 2702 40 20
22 914 2712 39 19
22 402 1592 38 19
22 388 1746 33 16
22 2714 3321 24 12
22 3097 1898 36 18
22 344 2246 36 18
22 878 2625 38 19
22 4592 1726 27 13
11 3519 3277 42 14
11 2559 2984 47 15