10 4364 1834 20 10
10 2448 51 20 10
10 4340 1865 17 8
10 2580 338 24 12
10 4369 1852 19 9
10 2967 932 24 12
10 4376 1873 22 11
10 2613 2208 21 10
10 4380 1893 18 9
10 3475 3635 25 12
10 4387 1913 21 10
10 3438 3189 17 8
10 4420 1933 21 10
10 3446 3016 20 10
10 4362 1976 21 10
10 3677 2729 22 11
10 4382 1978 20 10
10 3683 2646 22 11
10 4403 1970 20 10
10 3681 2621 24 12
10 4456 2041 20 10
10 3688 2544 19 9
10 4066 2038 22 11
10 3611 2515 22 11
10 4086 2033 19 9
10 3612 2490 20 10
10 4126 2023 20 10
10 3450 2268 23 11
10 4151 2023 18 9
10 3639 2176 26 13
10 4172 2018 22 11
10 3435 2138 21 10
10 4189 2014 21 10
10 3419 2008 23 11
10 4029 2045 22 11
10 3398 1877 19 9
10 4010 2047 20 10
10 3384 1793 19 9
10 3895 2065 18 9
10 3362 1690 24 12
10 3972 2051 19 9
10 3344 1598 20 10
10 3992 2047 18 9
10 3310 1470 26 13
10 4122 2138 26 13
10 3236 1257 21 10
10 3643 1750 19 9
10 3275 1348 21 10
10 3723 1768 24 12
10 3281 1251 21 10
10 3689 1818 22 11
10 3266 1202 12 6
10 3705 2011 22 11
10 3255 1163 19 9
10 3666 1867 24 12
10 3230 1107 20 10
10 3851 1850 21 10
10 3239 1041 23 11
10 3848 1823 23 11
10 3226 985 25 12
10 3892 1816 21 10
10 3210 935 23 11
10 3968 1892 23 11
10 3332 718 23 11
10 4020 1889 20 10
10 3282 738 21 10
10 3909 1912 20 10
10 3172 771 26 13
10 3836 1780 22 11
10 2986 589 22 11
10 3831 1759 22 11
10 2954 187 23 11
10 3868 1750 23 11
10 2950 165 24 12
10 3846 1732 24 12
10 2930 114 20 10
10 3856 1503 23 11
10 2844 238 22 11
10 4450 2108 25 12
10 3036 395 25 12
10 4522 2146 20 10
10 3020 376 24 12
10 4559 2073 21 10
10 3042 414 20 10
10 4533 2187 22 11
10 3132 374 22 11
10 4615 2146 16 8
10 3140 284 21 10
10 4542 2230 19 9
10 3110 297 25 12
10 4562 2324 21 10
10 3375 270 20 10
10 4572 2368 21 10
10 3439 243 21 10
10 4582 2414 23 11
10 3444 280 19 9
10 4593 2456 24 12
10 3407 171 22 11
10 4659 2441 22 11
10 3640 90 18 9
10 4666 2461 20 10
10 3465 144 21 10
10 4666 2485 19 9
10 3629 466 22 11
10 4676 2503 20 10
10 3636 485 19 9
10 4680 2523 21 10
10 3615 540 20 10
10 4639 2347 22 11
10 3595 544 19 9
10 4622 2277 21 10
10 3559 560 21 10
10 4686 2272 17 8
10 3577 551 20 10
10 4639 2232 22 11
10 3674 183 20 10
10 4724 2075 20 10
10 3691 176 20 10
10 4707 2087 19 9
10 3730 160 21 10
10 4637 2628 18 9
10 3754 150 20 10
10 4709 2638 22 11
10 3752 23 19 9
10 4602 2640 17 8
10 3773 17 20 10
10 4583 2648 18 9
10 3859 111 23 11
10 4564 2654 18 9
10 3877 105 23 11
10 4545 2661 20 10
10 3896 100 21 10
10 4527 2668 16 8
10 3915 94 20 10
10 4510 2675 18 9
10 3934 90 19 9
10 4489 2684 22 11
10 3950 84 19 9
10 4471 2690 19 9
10 3965 80 20 10
10 4452 2698 19 9
10 3984 70 22 11
10 4731 2716 21 10
10 4004 65 22 11
10 4737 2734 15 7
10 4023 57 21 10
10 4744 2755 17 8
10 4044 53 18 9
10 4746 2777 22 11
10 4061 48 20 10
10 4805 2731 22 11
10 4077 41 22 11
10 4771 2694 22 11
10 4278 86 22 11
10 4808 2685 16 8
10 4361 270 22 11
10 4790 2691 17 8
10 4617 173 19 9
10 4823 2723 18 9
10 4637 164 19 9
10 4842 2717 19 9
10 4812 96 23 11
10 4871 2860 23 11
10 4665 36 24 12
10 4896 2860 21 10
10 4688 30 21 10
10 4839 2880 20 10
10 4706 23 21 10
10 4909 2897 19 9
10 5000 18 26 13
10 4929 2890 18 9
10 144 96 21 10
10 4962 36 22 11
10 4467 2834 19 9
10 5430 7 22 11
10 4484 2825 18 9
10 5437 26 19 9
10 4503 2818 18 9
10 5445 39 19 9
10 4529 2849 21 10
10 5455 72 20 10
10 4521 2812 14 7
10 5600 27 17 8
10 4539 2804 19 9
10 5516 224 22 11
10 4556 2794 21 10
10 5482 239 21 10
10 4577 2789 19 9
10 5519 321 22 11
10 4596 2778 20 10
10 5567 432 18 9
10 4614 2771 19 9
10 5555 389 22 11
10 4631 2767 19 9
10 5590 511 17 8
10 4400 2940 23 11
10 5197 292 20 10
10 4406 2963 21 10
10 5215 287 22 11
10 4415 2983 21 10
10 5232 280 22 11
10 4704 3044 18 9
10 5253 270 20 10
10 4706 3062 20 10
10 5271 267 22 11
10 4803 3018 22 11
10 5289 261 23 11
10 4802 3038 24 12
10 5306 249 17 8
10 4814 3081 20 10
10 5324 243 23 11
10 5605 647 20 10
10 211 87 20 10
10 4817 3101 24 12
10 4810 385 20 10
10 191 53 21 10
10 4821 3124 20 10
10 4828 435 23 11
10 252 169 24 12
10 4825 3142 23 11
10 4843 480 25 12
10 356 361 23 11
10 4829 3164 20 10
10 4876 452 21 10
10 488 332 20 10
10 4874 3145 21 10
10 4889 471 23 11
10 607 294 24 12
10 4868 3125 20 10
10 4906 400 21 10
10 678 219 21 10
10 4864 3104 22 11
10 4937 497 21 10
10 919 97 22 11
10 4860 3089 20 10
10 4947 541 22 11
10 852 142 25 12
10 4863 3065 20 10
10 4948 565 19 9
10 1098 40 20 10
10 4855 3046 20 10
10 4783 632 21 10
10 1116 73 22 11
10 4874 3163 22 11
10 4740 647 23 11
10 1135 133 21 10
10 4837 3182 17 8
10 4561 718 19 9
10 433 551 22 11
10 4769 3188 20 10
10 4599 702 18 9
10 432 503 20 10
10 4777 3224 18 9
10 4622 695 22 11
10 512 652 21 10
10 4787 3263 20 10
10 4511 733 21 10
10 629 929 18 9
10 4787 3340 18 9
10 4488 740 21 10
10 1882 371 21 10
10 4790 3302 21 10
10 4424 764 21 10
10 1525 274 23 11
10 4841 3429 20 10
10 4404 820 19 9
10 1603 207 23 11
10 4912 3324 23 11
10 4323 854 19 9
10 1616 38 22 11
10 4953 3317 20 10
10 4737 910 23 11
10 1618 64 18 9
10 4986 3305 19 9
10 4476 996 23 11
10 1274 504 19 9
10 5028 3289 23 11
10 4502 994 22 11
10 1242 586 19 9
10 5063 3274 17 8
10 4560 1210 22 11
10 1311 604 19 9
10 5128 3249 19 9
10 4529 1178 22 11
10 1207 673 21 10
10 5097 3329 22 11
10 4533 1144 20 10
10 1083 613 21 10
10 5138 3312 22 11
10 4513 1210 18 9
10 996 507 20 10
10 5178 3296 21 10
10 4490 1223 19 9
10 1029 526 19 9
10 5125 3196 22 11
10 4453 1231 19 9
10 873 746 21 10
10 5106 3206 20 10
10 4346 1129 26 13
10 836 1169 23 11
10 5087 3215 20 10
10 4341 1108 26 13
10 836 1209 19 9
10 5062 3227 19 9
10 4336 1088 25 12
10 834 1287 18 9
10 5046 3235 19 9
10 3753 1072 23 11
10 852 1332 22 11
10 5027 3240 18 9
10 3762 1093 26 13
10 1411 1152 22 11
10 5010 3246 19 9
10 3754 1128 25 12
10 708 1412 22 11
10 4975 3260 19 9
10 4420 1423 21 10
10 819 1417 22 11
10 4952 3261 21 10
10 4427 1451 20 10
10 807 1459 20 10
10 4933 3252 22 11
10 4434 1492 24 12
10 798 1495 19 9
10 4915 3244 21 10
10 4440 1516 22 11
10 788 1617 20 10
10 4898 3223 21 10
10 4449 1542 18 9
10 788 1532 20 10
10 4886 3201 21 10
10 4457 1580 22 11
10 520 1746 22 11
10 4937 3207 20 10
10 4462 1603 22 11
10 497 1826 20 10
10 4923 3188 22 11
10 4465 1626 22 11
10 394 1798 26 13
10 4918 3167 22 11
10 4477 1669 20 10
10 384 1733 22 11
10 4975 3191 19 9
10 4482 1694 24 12
10 360 1751 24 12
10 4959 3172 23 11
10 4486 1712 22 11
10 192 1962 22 11
10 5001 3162 24 12
10 4497 1752 19 9
10 227 1942 22 11
10 5011 3177 20 10
10 4502 1778 20 10
10 253 1926 21 10
10 4985 3205 19 9
10 4459 1852 20 10
10 153 1897 20 10
10 5012 3218 21 10
10 4518 1842 22 11
10 57 1894 20 10
10 5054 3199 21 10
10 4523 1865 22 11
10 45 1940 22 11
10 4974 3230 21 10
10 4527 1887 19 9
10 71 2002 21 10
10 4946 3219 19 9
10 4578 1821 20 10
10 90 1989 24 12
10 4853 3031 23 11
10 4569 1801 22 11
10 110 1983 23 11
10 4895 3037 18 9
10 4559 1777 18 9
10 128 1977 22 11
10 4928 3024 19 9
10 4647 1770 22 11
10 712 2070 20 10
10 4942 3039 24 12
10 4658 1789 23 11
10 719 2089 24 12
10 4931 3064 21 10
10 4630 1735 23 11
10 723 2110 20 10
10 4899 3054 21 10
10 4621 1704 22 11
10 729 2131 22 11
10 4893 3077 20 10
10 4670 1706 24 12
10 680 2091 23 11
10 4905 3092 24 12
10 4690 1751 24 12
10 661 2093 22 11
10 4907 3109 22 11
10 4697 1772 24 12
10 640 2096 23 11
10 4914 3128 23 11
10 4723 1907 21 10
10 580 2108 23 11
10 4953 3116 22 11
10 4629 1938 20 10
10 561 2116 18 9
10 4947 3097 22 11
10 4584 1939 22 11
10 737 1915 21 10
10 4946 3082 21 10
10 4609 2042 21 10
10 730 1833 16 8
10 5354 3224 17 8
10 4639 2018 21 10
10 860 2292 17 8
10 5319 3238 20 10
10 4687 1992 22 11
10 908 2222 25 12
10 5231 3206 21 10
10 4781 1953 18 9
10 788 2382 24 12
10 5264 3190 17 8
10 4817 1939 20 10
10 749 2433 19 9
10 5298 3178 18 9
10 4949 1885 22 11
10 717 2441 20 10
10 5337 3162 20 10
10 4991 1869 20 10
10 700 2479 23 11
10 5199 3175 20 10
10 4909 1832 21 10
10 1702 1709 20 10
10 5458 3111 24 12
10 4951 1817 21 10
10 1672 1729 23 11
10 5415 3127 22 11
10 4990 1801 22 11
10 1412 1855 21 10
10 5476 3172 21 10
10 5030 1786 24 12
10 1230 1925 22 11
10 5534 3183 21 10
10 5161 1801 18 9
10 1180 2073 21 10
10 5514 3156 21 10
10 5074 1768 19 9
10 1207 2142 17 8
10 5557 3139 22 11
10 5111 1754 23 11
10 1226 2179 20 10
10 5583 3163 22 11
10 5211 1740 22 11
10 1324 2364 20 10
10 5514 3089 20 10
10 5184 1724 23 11
10 1302 2324 22 11
10 5409 2832 20 10
10 5221 1709 21 10
10 1259 2340 21 10
10 5380 2859 23 11
10 5256 1695 19 9
10 1302 2417 22 11
10 5368 2841 23 11
10 5294 1680 23 11
10 1194 2447 19 9
10 5519 2858 24 12
10 5339 1660 22 11
10 1176 2409 22 11
10 5525 2879 19 9
10 5301 1724 20 10
10 1244 2304 24 12
10 5533 2897 19 9
10 5383 1644 23 11
10 1217 2262 22 11
10 5540 2918 20 10
10 5423 1670 23 11
10 1103 2257 21 10
10 5579 3027 21 10
10 5345 1727 17 8
10 1120 2292 21 10
10 5574 3013 21 10
10 5379 1712 22 11
10 1218 2497 23 11
10 5570 2994 20 10
10 5418 1698 19 9
10 1301 2557 22 11
10 5515 2956 23 11
10 5526 1656 18 9
10 1455 2661 21 10
10 5392 3407 19 9
10 5556 1643 18 9
10 1433 2622 24 12
10 5375 3424 19 9
10 5590 1630 19 9
10 1411 2585 22 11
10 5356 3432 20 10
10 5542 1526 24 12
10 208 2529 20 10
10 5313 3357 21 10
10 5568 1513 20 10
10 188 2536 19 9
10 5335 3348 21 10
10 5589 1506 23 11
10 140 2581 23 11
10 5353 3340 21 10
10 5491 1473 23 11
10 88 2589 19 9
10 5372 3334 21 10
10 5481 1450 24 12
10 293 2554 20 10
10 5265 3468 21 10
10 5474 1431 23 11
10 333 2545 20 10
10 5204 3400 19 9
10 5598 1432 19 9
10 383 2538 22 11
10 5182 3411 20 10
10 5589 1411 20 10
10 422 2530 21 10
10 5163 3420 21 10
10 5588 1393 17 8
10 643 2490 22 11
10 5138 3428 22 11
10 5583 1370 18 9
10 602 2497 21 10
10 4998 3487 20 10
10 5575 1349 20 10
10 779 2535 22 11
10 5015 3477 22 11
10 5566 1332 22 11
10 921 2697 21 10
10 5037 3472 22 11
10 5559 1310 21 10
10 967 2680 22 11
10 5053 3460 21 10
10 5470 1383 17 8
10 991 2769 19 9
10 5075 3452 23 11
10 5463 1365 18 9
10 1038 2933 22 11
10 5095 3445 21 10
10 5455 1347 22 11
10 1026 2894 22 11
10 4990 3573 17 8
10 5457 1324 24 12
10 1072 3184 20 10
10 5010 3567 16 8
10 5452 1296 25 12
10 1085 3079 19 9
10 4763 3468 22 11
10 5548 1291 18 9
10 984 3066 21 10
10 4776 3494 21 10
10 5543 1273 23 11
10 647 3236 21 10
10 4655 3466 22 11
10 5453 1271 20 10
10 397 3112 18 9
10 4606 3461 22 11
10 5427 1199 13 6
10 236 3341 25 12
10 4598 3579 23 11
10 5414 1182 16 8
10 378 2872 21 10
10 4669 3567 22 11
10 5488 1213 18 9
10 350 2708 24 12
10 4480 3579 23 11
10 5507 1204 21 10
10 832 3425 23 11
10 4500 3617 23 11
10 5526 1197 22 11
10 1233 3670 20 10
10 4522 3610 22 11
10 5547 1189 21 10
10 1262 3643 20 10
10 4564 3595 18 9
10 5590 1173 21 10
10 1419 3606 21 10
10 4501 3506 22 11
10 5611 1164 20 10
10 1577 3534 22 11
10 4453 3524 20 10
10 4942 977 25 12
10 1617 3675 22 11
10 4413 3540 23 11
10 4986 943 22 11
10 1127 3249 21 10
10 4374 3555 21 10
10 5002 933 23 11
10 1457 3155 20 10
10 4381 3612 19 9
10 5044 918 22 11
10 1597 3120 18 9
10 4415 3651 23 11
10 5066 908 24 12
10 1611 3134 19 9
10 4333 3570 22 11
10 5010 844 18 9
10 1611 3172 21 10
10 4291 3590 21 10
10 5199 967 23 11
10 1626 3251 19 9
10 4252 3608 19 9
10 5196 950 20 10
10 1676 3403 20 10
10 4213 3621 18 9
10 5219 921 21 10
10 1645 3389 19 9
10 4175 3636 21 10
10 5192 888 20 10
10 1641 3360 21 10
10 4131 3655 24 12
10 5182 912 20 10
10 1635 3312 19 9
10 4092 3672 22 11
10 5205 987 21 10
10 1508 3503 22 11
10 4054 3689 23 11
10 5207 1004 21 10
10 1495 3468 21 10
10 4211 3693 22 11
10 5242 990 21 10
10 1482 3425 20 10
10 4245 3679 18 9
10 5239 972 21 10
10 1598 3011 21 10
10 4336 3726 23 11
10 5289 924 25 12
10 1574 2933 19 9
10 4456 1005 19 9
10 5284 906 19 9
10 1560 2887 16 8
10 5278 976 21 10
10 1410 2992 23 11
10 5342 951 18 9
10 1411 2939 19 9
10 5309 965 16 8
10 1400 2922 19 9
10 5548 870 23 11
10 1398 2905 22 11
10 5587 853 23 11
10 1394 2887 20 10
10 5602 1555 18 9
10 1500 2805 16 8
10 5349 1789 22 11
10 1382 2849 21 10
10 5351 1810 23 11
10 1374 2827 18 9
10 5374 1848 21 10
10 1342 2750 20 10
10 5381 1869 20 10
10 1333 2716 17 8
10 5270 1959 24 12
10 2166 21 14 7
16 4769 25 38 19
16 228 2503 23 11
16 4004 2249 34 17
16 4972 1004 30 15
16 910 2655 28 14
16 4008 2305 25 12
16 5043 1849 30 15
16 405 3149 26 13
16 4027 2522 25 12
16 5102 1829 30 15
16 1534 3619 23 11
16 4008 2486 33 16
16 4679 1926 28 14
16 3233 245 28 14
16 4139 2466 21 10
16 4740 1970 30 15
16 611 897 24 12
16 3229 332 24 12
16 4678 3504 30 15
16 4754 2065 26 13
16 3273 235 28 14
16 5596 3057 24 12
16 4778 2206 30 15
16 3639 226 29 14
16 5558 2955 28 14
16 4419 2714 23 11
16 3702 436 24 12
16 5550 2935 30 15
16 4365 849 35 17
16 1204 548 24 12
16 4795 2961 36 18
16 5388 2880 31 15
16 4345 850 25 12
16 1941 418 26 13
16 4757 3131 34 17
16 5281 2430 47 23
16 4400 981 30 15
16 1869 521 31 15
16 4929 3146 31 15
16 4559 3486 33 16
16 4333 1066 23 11
16 877 2341 25 12
16 5090 3133 29 14
16 4110 2108 29 14
16 4938 520 25 12
16 1001 2201 28 14
16 4325 1815 32 16
16 3824 934 24 12
16 5013 497 24 12
16 1622 1796 29 14
16 3900 1842 28 14
16 5221 397 31 15
16 1641 1829 31 15
16 3824 1716 24 12
30 5604 367 57 19
30 4748 3441 59 19
22 5370 3185 46 23
22 4328 316 51 25
22 4281 584 41 20
22 3398 1677 48 24
22 4292 616 38 19
22 4485 898 55 27
22 3864 1131 39 19
22 4335 781 48 24
22 3838 1058 42 21
22 4313 802 33 16
22 3792 927 36 18
22 3457 2692 32 16
22 4260 494 46 23
22 4628 1621 34 17
22 4304 405 37 18
22 4290 1768 34 17
22 4235 442 50 25
20 4054 1628 78 26
20 4277 818 82 27
23 3190 997 96 32
23 4751 1226 94 31
23 5386 2008 87 29
23 4971 1845 90 30
17 3336 240 43 14