22 3739 2018 40 20
10 3191 2134 21 10
10 201 1644 21 10
10 5238 1694 23 11
10 3196 2093 24 12
10 359 1805 19 9
10 5423 1716 19 9
10 3200 2072 20 10
10 443 1777 23 11
10 5500 1837 22 11
10 3202 2053 21 10
10 511 1745 24 12
10 1744 2649 20 10
10 1276 3724 16 8
10 1651 2496 19 9
10 1653 3412 24 12
10 1650 2478 23 11
10 1658 3365 20 10
10 1718 2394 21 10
10 1670 3272 19 9
10 1723 2354 17 8
10 1588 3304 20 10
10 1730 2227 23 11
10 1588 3285 19 9
10 1731 2182 18 9
10 1591 3261 23 11
10 586 2963 20 10
10 2421 2111 20 10
10 1672 3232 21 10
10 1735 2092 20 10
10 1588 3240 17 8
10 1736 2011 17 8
10 1594 3216 21 10
10 1746 1908 16 8
10 1598 3187 21 10
10 1749 1856 20 10
10 1597 3170 17 8
10 1748 1811 21 10
10 1684 3157 18 9
10 1757 1736 17 8
10 1601 3155 20 10
10 3170 1867 18 9
10 1606 3104 24 12
10 3174 1825 18 9
10 1688 3116 21 10
10 3181 1784 19 9
10 1582 2922 23 11
10 3181 1740 16 8
10 1538 2942 22 11
10 3234 1682 20 10
10 1582 2967 23 11
10 3238 1633 17 8
10 1892 3040 21 10
10 3207 1479 20 10
10 2097 3019 23 11
10 1764 1640 22 11
10 2078 3019 20 10
10 1767 1587 21 10
10 2059 3017 20 10
10 1775 1284 24 12
10 2036 3012 22 11
10 1746 1194 18 9
10 2020 3008 21 10
10 1866 1120 21 10
10 2024 2940 19 9
10 1808 1027 21 10
10 2337 3124 23 11
10 1816 981 18 9
10 2334 3174 22 11
10 1802 1082 20 10
10 2323 3284 20 10
10 1846 794 18 9
10 2315 3356 19 9
10 2305 3412 23 11
10 1857 735 16 8
10 2294 3482 20 10
10 1866 693 21 10
10 2273 3572 24 12
10 229 3367 21 10
10 1891 575 19 9
10 3495 3656 18 9
10 272 3370 19 9
10 1987 268 21 10
10 2681 3130 22 11
10 250 3360 15 7
10 2842 680 19 9
10 2846 3232 23 11
10 112 3258 23 11
10 2806 696 19 9
10 2537 3006 22 11
10 490 3283 19 9
10 2922 730 19 9
10 2581 3012 23 11
10 490 3321 21 10
10 2462 1174 23 11
10 2628 3014 21 10
10 494 3264 25 12
10 2740 1288 25 12
10 2610 2989 20 10
10 516 3221 20 10
10 2555 994 17 8
10 3260 3402 22 11
10 46 2946 23 11
10 3026 635 18 9
10 3149 3170 20 10
10 94 2958 19 9
10 2989 652 19 9
10 3074 3045 21 10
10 694 2870 22 11
10 3286 552 22 11
10 3089 2773 19 9
10 671 2867 20 10
10 3323 620 20 10
10 2400 2770 16 8
10 650 2869 17 8
10 3236 754 21 10
10 2415 2601 21 10
10 596 2856 21 10
10 3521 379 19 9
10 2367 2650 19 9
10 606 2961 22 11
10 3362 350 22 11
10 2372 2607 20 10
10 624 2958 19 9
10 3310 274 20 10
10 2341 2544 19 9
10 642 2961 22 11
10 3158 1188 21 10
10 2389 2490 16 8
10 661 2959 20 10
10 3156 1164 20 10
10 2391 2435 23 11
10 680 2954 19 9
10 3140 1325 18 9
10 2404 2302 18 9
10 700 2954 23 11
10 3268 1961 19 9
10 2411 2230 21 10
10 550 2927 25 12
10 4216 1961 22 11
10 2416 2192 18 9
10 524 2811 19 9
10 512 3543 20 10
10 3906 1824 24 12
10 3187 2567 11 5
10 503 2810 23 11
10 519 3482 18 9
10 4411 1817 26 13
10 3098 2686 17 8
10 441 2894 21 10
10 206 3370 21 10
10 4465 1952 21 10
10 3102 2634 23 11
10 418 2900 21 10
10 4648 1978 21 10
10 3039 2536 19 9
10 398 2898 24 12
10 4746 1960 23 11
10 3050 2394 20 10
10 338 2847 18 9
10 4844 1925 19 9
10 3115 2109 23 11
10 334 2807 15 7
10 4982 1945 21 10
16 1772 1520 26 13
16 1696 3034 22 11
16 3086 611 26 13
16 480 2817 30 15
16 3140 2218 28 14
16 2140 1875 23 11
16 1309 3122 25 12
16 3888 2027 30 15
16 2163 1880 22 11
16 1651 3318 29 14
11 3049 2933 36 12
11 5503 1870 54 18
20 4992 1744 72 24