30 5571 1199 58 19
17 4515 544 50 16
11 2874 2794 42 14
22 5601 286 48 24
22 2061 2424 40 20
22 5297 809 40 20
22 302 310 43 21
22 3669 1624 54 27
22 4907 1421 39 19
10 4038 997 20 10
10 385 1158 22 11
10 1797 2530 20 10
10 4178 1048 21 10
10 526 1123 21 10
10 1687 2454 19 9
10 4187 1078 21 10
10 568 1121 21 10
10 1654 2492 20 10
10 4205 1052 23 11
10 628 1121 17 8
10 1611 2494 16 8
10 4230 1054 23 11
10 724 1122 16 8
10 1534 2494 22 11
10 4175 1004 22 11
10 767 1114 19 9
10 1471 2496 19 9
10 4232 1007 19 9
10 809 1115 21 10
10 1372 2497 20 10
10 4275 1008 22 11
10 854 1114 18 9
10 1330 2499 19 9
10 4398 1010 20 10
10 945 1112 20 10
10 982 2070 21 10
10 4438 1013 17 8
10 983 1111 19 9
10 3757 2114 24 12
10 4480 1015 22 11
10 1088 1108 20 10
10 3746 2076 20 10
10 4527 1018 16 8
10 1317 1174 19 9
10 3750 2037 19 9
10 4564 1017 17 8
10 1301 1102 19 9
10 3787 2074 21 10
10 4599 1019 17 8
10 1261 1104 20 10
10 3786 2056 19 9
10 4413 1302 24 12
10 1387 1101 22 11
10 3787 2038 15 7
10 4414 1273 20 10
10 1432 1100 20 10
10 3574 2080 22 11
10 4518 1216 23 11
10 1470 1098 19 9
10 3583 2104 20 10
10 4637 1090 22 11
10 1567 1095 20 10
10 5378 2164 22 11
10 4660 1067 20 10
10 1609 1094 19 9
10 5417 2162 19 9
10 4701 1163 23 11
10 1661 1095 22 11
10 5453 2100 19 9
10 4631 1370 23 11
10 1702 1093 21 10
10 5473 2098 18 9
10 4632 1428 21 10
10 1745 1090 17 8
10 5348 2074 22 11
10 4836 1442 19 9
10 1795 1089 22 11
10 2740 3122 21 10
10 4634 1133 20 10
10 1412 937 22 11
10 2728 3185 22 11
10 4972 959 20 10
10 1486 874 21 10
10 2786 2941 19 9
10 4928 961 19 9
10 1403 890 21 10
10 2770 2774 19 9
10 4888 962 18 9
10 1400 869 21 10
10 2730 2486 15 7
10 4853 963 20 10
10 175 1124 19 9
10 2760 2488 16 8
10 4811 965 16 8
10 86 1076 19 9
10 2808 2487 20 10
10 5304 1166 23 11
10 86 1036 15 7
10 2839 2487 15 7
10 5372 1049 21 10
10 84 1000 20 10
10 2882 2607 22 11
10 5253 944 19 9
10 85 966 15 7
10 2874 2724 15 7
10 5222 948 14 7
10 83 926 19 9
10 3440 2604 20 10
10 5184 950 21 10
10 105 910 17 8
10 2948 2527 19 9
10 5140 949 20 10
10 81 832 20 10
10 2984 2528 16 8
10 5096 952 20 10
10 82 786 21 10
10 3062 2534 19 9
10 5527 924 21 10
10 79 745 21 10
10 3164 2540 21 10
10 5491 927 17 8
10 80 699 24 12
10 3204 2543 19 9
10 5458 928 17 8
10 126 658 19 9
10 3284 2548 19 9
10 5419 933 21 10
10 136 621 20 10
10 3331 2554 21 10
10 3022 1283 19 9
10 88 551 21 10
10 3372 2558 21 10
10 3026 1372 22 11
10 92 504 19 9
10 3490 2568 17 8
10 3026 1409 15 7
10 95 462 19 9
10 3532 2575 21 10
10 3029 1441 11 5
10 96 419 22 11
10 3571 2580 17 8
10 3029 1470 16 8
10 138 357 19 9
10 3968 2620 16 8
10 2964 1425 18 9
10 179 345 22 11
10 4004 2623 20 10
10 2941 1425 17 8
10 225 346 17 8
10 4096 2631 20 10
10 2923 1425 16 8
10 333 366 17 8
10 4138 2634 16 8
10 2906 1426 18 9
10 376 371 21 10
10 4170 2679 22 11
10 2958 1476 17 8
10 638 416 19 9
10 4236 2643 17 8
10 2956 1498 18 9
10 702 427 18 9
10 4272 2645 19 9
10 2954 1520 20 10
10 744 434 20 10
10 4390 2656 21 10
10 2954 1560 18 9
10 738 393 18 9
10 4430 2659 23 11
10 2958 1581 17 8
10 583 365 21 10
10 4506 2666 18 9
10 2958 1608 15 7
10 513 353 19 9
10 4544 2670 18 9
10 2935 1610 15 7
10 460 347 16 8
10 4584 2672 22 11
10 2912 1619 23 11
10 415 336 18 9
10 4706 2684 19 9
10 2890 1615 22 11
10 464 1881 22 11
10 366 326 17 8
10 4893 2292 22 11
10 2853 1613 15 7
10 100 1628 21 10
10 824 407 19 9
10 4896 2336 17 8
10 2906 1581 20 10
10 100 1574 20 10
10 863 414 18 9
10 4899 2405 19 9
10 2874 1577 15 7
10 910 425 21 10
10 4899 2451 18 9
10 2846 1560 20 10
10 1017 442 18 9
10 4904 2530 19 9
10 2840 1580 16 8
10 1060 449 24 12
10 4906 2570 16 8
10 2835 1539 16 8
10 946 470 19 9
10 5060 2650 19 9
10 2847 1516 19 9
10 1022 483 19 9
10 5104 2648 20 10
10 3029 1599 23 11
10 1089 494 23 11
10 5140 2648 18 9
10 3030 1558 20 10
10 1113 458 23 11
10 5166 2600 21 10
10 2844 1499 16 8
10 1274 528 20 10
10 5132 2533 22 11
10 2843 1477 17 8
10 1294 490 17 8
10 4917 2857 17 8
10 2891 1457 16 8
10 1239 482 15 7
10 4913 2822 19 9
10 2886 1515 20 10
10 1195 472 22 11
10 4912 2780 20 10
10 2884 1497 18 9
10 1369 544 18 9
10 4910 2739 19 9
10 2952 1540 21 10
10 1405 550 12 6
10 4908 2699 20 10
10 3051 1495 17 8
10 1440 556 22 11
10 4970 2948 20 10
10 3070 1493 20 10
10 1428 512 22 11
10 4924 3062 20 10
10 3102 1496 16 8
10 1385 505 22 11
10 4922 3019 17 8
10 3121 1492 18 9
10 1465 518 21 10
10 4920 2978 16 8
10 3186 1473 17 8
10 1527 518 16 8
10 4927 3182 19 9
10 3197 1485 16 8
10 1570 504 22 11
10 4928 3222 20 10
10 3086 1573 23 11
10 1612 491 20 10
10 4932 3311 17 8
10 3096 1540 19 9
10 1504 242 17 8
10 4932 3360 21 10
10 3127 1546 17 8
10 1547 57 25 12
10 4939 3397 18 9
10 3219 1560 17 8
10 1563 101 21 10
10 4984 3463 17 8
10 3230 1597 17 8
10 1575 144 23 11
10 5021 3459 20 10
10 3199 1575 15 7
10 1630 296 17 8
10 5066 3459 19 9
10 3181 1574 17 8
10 1645 340 18 9
10 5108 3456 20 10
10 3169 1548 17 8
10 1662 188 23 11
10 5249 3236 18 9
10 3163 1574 20 10
10 1677 230 20 10
10 5221 3453 22 11
10 3144 1574 20 10
10 1690 267 22 11
10 5267 3453 18 9
10 3124 1574 20 10
10 97 1501 18 9
10 1704 306 17 8
10 5383 3448 21 10
10 3106 1572 23 11
10 98 1536 16 8
10 1696 415 22 11
10 5418 3448 18 9
10 3327 1597 16 8
10 386 1928 21 10
10 1749 431 20 10
10 5477 3449 21 10
10 3344 1595 17 8
10 1734 395 13 6
10 5526 3446 19 9
10 3388 1594 15 7
10 1764 467 18 9
10 5569 3447 20 10
10 3377 1550 15 7
10 1774 507 18 9
10 5606 3447 11 5
10 3324 1569 19 9
10 1789 550 21 10
10 4945 3658 19 9
10 3350 1528 21 10
10 1804 591 17 8
10 4941 3576 16 8
10 3417 1548 22 11
10 1813 632 16 8
10 4941 3525 23 11
10 1729 584 18 9
10 3415 1528 16 8
10 4797 3436 18 9
10 1740 618 17 8
10 3380 1516 16 8
10 4758 3438 21 10
10 1755 665 22 11
10 3410 1504 17 8
10 4708 3440 24 12
10 1767 708 23 11
10 3390 1482 18 9
10 4498 3413 24 12
10 1805 672 20 10
10 3416 1483 17 8
10 4451 3411 22 11
10 1828 677 23 11
10 439 1929 20 10
10 3406 1453 25 12
10 4486 3600 18 9
10 1842 724 19 9
10 480 1926 16 8
10 3371 1467 16 8
10 4484 3564 18 9
10 1780 752 20 10
10 518 1926 18 9
10 3372 1424 19 9
10 4351 3444 21 10
10 1792 798 17 8
10 616 1924 21 10
10 3350 1423 17 8
10 4312 3443 18 9
10 1801 834 18 9
10 657 1921 20 10
10 3321 1423 16 8
10 4218 3439 22 11
10 1868 816 22 11
10 706 1922 19 9
10 3328 1459 18 9
10 4177 3440 19 9
10 2016 740 20 10
10 705 1900 21 10
10 3347 1460 18 9
10 4104 3376 23 11
10 1813 872 20 10
10 826 1919 22 11
10 3354 1492 16 8
10 4108 3329 18 9
10 1824 911 20 10
10 778 1738 21 10
10 3337 1494 16 8
10 4116 3241 18 9
10 1836 956 20 10
10 730 1737 22 11
10 5102 1514 12 6
10 4118 3203 20 10
10 2014 794 21 10
10 680 1740 20 10
10 5099 1476 9 4
10 4069 3289 21 10
10 1910 963 18 9
10 564 1742 20 10
10 5099 1434 10 5
10 4062 3360 21 10
10 1900 927 19 9
10 514 1744 20 10
10 5099 1399 10 5
10 4058 3400 22 11
10 1888 894 20 10
10 466 1744 20 10
10 5256 1264 19 9
10 4057 3467 21 10
10 1924 1007 16 8
10 315 1748 17 8
10 5305 1264 21 10
10 4011 3138 21 10
10 1932 1046 22 11
10 279 1748 17 8
10 5329 1283 22 11
10 3964 3132 22 11
10 1988 1200 22 11
10 233 1751 18 9
10 5522 1300 20 10
10 3913 3124 21 10
10 2048 1125 17 8
10 917 1917 20 10
10 5516 1113 21 10
10 3826 3115 23 11
10 1750 50 18 9
10 963 1914 21 10
10 244 2032 17 8
10 3778 3110 17 8
10 1799 41 22 11
10 1040 1914 21 10
10 240 2076 23 11
10 3578 3092 19 9
10 1843 34 19 9
10 1150 1911 19 9
10 226 2388 20 10
10 3619 3096 18 9
10 1882 30 17 8
10 1189 1911 20 10
10 228 2329 24 12
10 3704 3103 19 9
10 2024 20 20 10
10 1249 1911 22 11
10 270 2220 19 9
10 3666 3099 20 10
10 2065 18 17 8
10 1321 1907 19 9
10 223 2455 18 9
10 3469 3085 16 8
10 2106 20 11 5
10 1360 1906 22 11
10 222 2498 23 11
10 3398 3080 18 9
10 1702 59 22 11
10 1399 1908 20 10
10 178 2684 22 11
10 3304 3123 17 8
10 2238 28 21 10
10 1007 1777 24 12
10 173 2726 18 9
10 3234 3072 18 9
10 2990 44 21 10
10 1228 1773 24 12
10 636 2550 19 9
10 3192 3068 18 9
10 2955 38 17 8
10 1224 1720 20 10
10 586 2550 18 9
10 3855 3692 22 11
10 3046 91 25 12
10 1169 1671 24 12
10 494 2554 20 10
10 3827 3658 16 8
10 3108 94 19 9
10 858 1731 21 10
10 393 2554 23 11
10 3708 3674 21 10
10 3188 99 20 10
10 962 1731 23 11
10 347 2557 20 10
10 3583 3661 17 8
10 3339 106 20 10
10 1009 1731 22 11
10 297 2557 20 10
10 3542 3659 20 10
10 3516 111 21 10
10 1053 1730 21 10
10 109 2861 17 8
10 3664 3603 20 10
10 3942 30 21 10
10 1096 1730 19 9
10 152 2916 20 10
10 3249 3638 17 8
10 3985 27 22 11
10 1134 1730 17 8
10 145 2957 20 10
10 3120 3632 18 9
10 4027 22 21 10
10 1170 1728 23 11
10 74 3171 19 9
10 2979 3629 21 10
10 3989 80 20 10
10 1294 1724 21 10
10 17 3410 20 10
10 2898 3626 18 9
10 4074 15 20 10
10 1338 1726 19 9
10 103 3340 17 8
10 2846 3553 22 11
10 4128 10 23 11
10 1374 1724 17 8
10 107 3302 19 9
10 2846 3512 18 9
10 4174 4 22 11
10 1418 1721 18 9
10 83 3513 18 9
10 2849 3434 19 9
10 4334 38 22 11
10 1130 1534 22 11
10 55 3728 15 7
10 2928 3407 17 8
10 4374 35 23 11
10 1595 1764 18 9
10 539 3496 20 10
10 2852 3360 21 10
10 5339 374 20 10
10 1676 1732 19 9
10 848 3665 24 12
10 2854 3316 18 9
10 5368 414 20 10
10 1852 1754 24 12
10 661 3735 8 4
10 2858 3274 16 8
10 5351 413 21 10
10 1526 1660 17 8
10 663 3698 20 10
10 2858 3198 22 11
10 5040 458 17 8
10 1493 1660 16 8
10 668 3653 20 10
10 2836 3163 20 10
10 5556 226 20 10
10 2043 1844 23 11
10 674 3579 22 11
10 2861 3117 21 10
10 5551 183 15 7
10 2110 1790 23 11
10 682 3470 22 11
10 2937 3064 18 9
10 5544 151 12 6
10 2050 1759 20 10
10 685 3430 21 10
10 2978 3062 19 9
10 5538 110 23 11
10 1982 1812 23 11
10 689 3384 19 9
10 3017 3064 19 9
10 5586 756 22 11
10 1920 1817 22 11
10 700 3244 23 11
10 3112 2963 18 9
10 5570 624 21 10
10 2020 1591 21 10
10 710 3118 20 10
10 5568 650 16 8
10 1993 1578 22 11
10 720 3029 23 11
10 5575 670 15 7
10 2306 1782 24 12
10 729 2976 19 9
10 5574 697 19 9
10 2194 1785 22 11
10 746 2851 18 9
10 5575 720 18 9
10 2454 1839 20 10
10 749 2811 16 8
10 5566 603 18 9
10 2111 2128 15 7
10 754 2768 22 11
10 5564 579 17 8
10 2108 2074 24 12
10 760 2726 20 10
10 5559 557 17 8
10 2104 2020 20 10
10 766 2683 19 9
10 5560 534 22 11
10 2337 1992 24 12
10 769 2646 19 9
10 5556 512 20 10
10 2340 2034 23 11
10 879 2530 19 9
10 5553 488 18 9
10 2583 1838 19 9
10 788 2538 18 9
10 5347 660 22 11
10 2604 1860 22 11
10 747 2545 21 10
10 5351 711 18 9
10 2509 1947 16 8
10 833 2535 17 8
10 5338 749 20 10
10 2728 1946 22 11
10 1030 2512 18 9
10 4962 60 21 10
10 2790 1831 22 11
10 1068 2508 15 7
10 4965 108 23 11
10 2789 1874 22 11
10 1106 2503 17 8
10 4972 223 18 9
10 2730 1930 24 12
10 1184 2504 23 11
10 4972 257 17 8
10 2891 1877 23 11
10 1228 2500 20 10
10 4975 294 20 10
10 2954 1824 23 11
10 1277 2499 19 9
10 4987 492 22 11
10 2983 1871 20 10
10 1108 3691 16 8
10 4990 534 17 8
10 3087 1870 21 10
10 1094 3737 6 3
10 4992 638 19 9
10 3078 1846 21 10
10 1141 3599 19 9
10 4996 678 21 10
10 3060 1821 22 11
10 1188 3605 21 10
10 5006 832 18 9
10 3221 1822 24 12
10 1053 3584 17 8
10 5008 880 18 9
10 3310 1795 23 11
10 833 3548 20 10
10 5009 912 16 8
10 3386 1815 20 10
10 996 3499 20 10
10 4494 71 20 10
10 3464 1863 20 10
10 997 3454 22 11
10 4496 108 16 8
10 3288 1865 23 11
10 1002 3354 17 8
10 4498 151 21 10
10 3245 1870 22 11
10 1004 3280 17 8
10 4504 259 19 9
10 3162 1870 19 9
10 1011 3174 20 10
10 4502 306 23 11
10 3354 1699 22 11
10 1013 3128 19 9
10 4510 440 21 10
10 3345 1679 20 10
10 1028 2974 18 9
10 4507 404 20 10
10 3284 1681 20 10
10 1033 2934 22 11
10 4515 645 24 12
10 3222 1682 21 10
10 1050 2801 19 9
10 4517 688 19 9
10 3172 1682 20 10
10 1056 2756 21 10
10 4526 872 15 7
10 3125 1684 18 9
10 1080 2624 16 8
10 4524 832 21 10
10 3607 1854 21 10
10 1087 2585 22 11
10 4756 934 17 8
10 3654 1854 22 11
10 1275 3619 19 9
10 4666 968 21 10
10 3711 1808 22 11
10 1392 3637 21 10
10 4706 966 20 10
10 3794 1850 20 10
10 1348 3630 20 10
10 4591 967 22 11
10 3792 1999 17 8
10 1439 3644 18 9
10 3844 167 19 9
10 3878 1801 20 10
10 1524 3661 21 10
10 3849 210 19 9
10 3872 1666 23 11
10 1598 3669 19 9
10 3857 309 22 11
10 3772 1670 21 10
10 1690 3684 20 10
10 3874 504 23 11
10 3724 1669 23 11
10 1656 3502 21 10
10 3878 586 21 10
10 3678 1671 24 12
10 1762 3697 24 12
10 3880 628 20 10
10 3968 1663 17 8
10 1884 3716 19 9
10 3886 716 21 10
10 4007 1663 24 12
10 1930 3723 21 10
10 3892 863 21 10
10 4050 1663 20 10
10 1813 3636 12 6
10 3058 148 20 10
10 4094 1660 24 12
10 1994 3419 17 8
10 3055 191 20 10
10 4189 1658 17 8
10 1998 3470 20 10
10 3050 295 21 10
10 4280 1656 18 9
10 2003 3516 21 10
10 3046 343 22 11
10 4387 1656 20 10
10 2007 3556 19 9
10 3044 382 20 10
10 4059 1802 21 10
10 2053 3546 20 10
10 3054 235 22 11
10 4120 1841 22 11
10 2073 3510 22 11
10 3038 504 26 13
10 4170 1842 15 7
10 2071 3470 22 11
10 3034 572 20 10
10 4209 1843 15 7
10 2069 3420 17 8
10 2381 1530 22 11
10 4252 1842 18 9
10 2065 3382 19 9
10 2321 1456 19 9
10 4182 1862 19 9
10 2088 3668 17 8
10 2308 1438 20 10
10 4178 1912 24 12
10 1088 3070 20 10
10 2065 1146 21 10
10 4503 1650 23 11
10 1126 3074 19 9
10 2108 1140 20 10
10 4631 1540 18 9
10 1174 3077 23 11
10 2176 1135 22 11
10 4344 1840 20 10
10 1280 3084 21 10
10 2220 1130 20 10
10 4428 1840 20 10
10 1316 3085 19 9
10 2262 1127 19 9
10 4503 1832 22 11
10 1356 3087 17 8
10 2259 1035 15 7
10 4554 1832 20 10
10 1450 3112 18 9
10 2397 1031 20 10
10 4888 2120 19 9
10 1484 3132 22 11
10 2346 1120 20 10
10 4888 2084 18 9
10 1581 3150 19 9
10 2385 1121 18 9
10 4885 2046 21 10
10 1630 3150 19 9
10 2426 1118 20 10
10 4888 1995 17 8
10 1630 3037 17 8
10 2468 1117 18 9
10 4887 1956 20 10
10 1594 3031 20 10
10 2551 1114 17 8
10 4888 1919 19 9
10 1692 3012 18 9
10 2595 1111 21 10
10 4642 1807 24 12
10 2010 2997 21 10
10 2692 1111 20 10
10 4711 1828 21 10
10 2022 2893 19 9
10 2730 1110 22 11
10 4753 1826 14 7
10 2026 2857 21 10
10 2833 1107 19 9
10 4758 1805 22 11
10 2035 2821 18 9
10 2872 1107 21 10
10 4860 1778 20 10
10 1896 2799 19 9
10 2913 1105 21 10
10 5165 1790 18 9
10 2120 2767 19 9
10 2953 1108 19 9
10 5169 1764 23 11
10 2128 2729 22 11
10 3026 712 21 10
10 5057 1788 20 10
10 2131 2678 22 11
10 3025 752 20 10
10 5343 1759 21 10
10 2134 2632 17 8
10 3022 851 17 8
10 5426 1784 22 11
10 2074 2660 20 10
10 3020 883 18 9
10 5538 1736 21 10
10 2135 2587 20 10
10 3019 924 19 9
10 5550 1757 19 9
10 2132 2537 20 10
10 4051 842 20 10
10 5439 1891 23 11
10 2135 2494 18 9
10 3079 1006 17 8
10 5454 1918 21 10
10 2134 2457 18 9
10 3118 1005 21 10
10 5426 1968 20 10
10 2137 2413 21 10
10 3166 1005 21 10
10 5425 1946 19 9
10 2134 2372 18 9
10 3208 1007 23 11
10 1790 1440 18 9
10 2110 2232 21 10
10 3256 1004 21 10
10 1771 1442 19 9
10 2107 2176 22 11
10 3300 1004 20 10
10 1991 1524 23 11
10 2034 2156 21 10
10 3347 1002 21 10
10 2028 1392 16 8
10 2245 2156 18 9
10 3023 1141 22 11
10 2020 1358 23 11
10 2221 2160 17 8
10 3490 996 19 9
10 94 1400 19 9
10 2200 2162 16 8
10 3549 998 20 10
10 91 1280 18 9
10 2324 2434 13 6
10 3682 996 21 10
10 89 1240 19 9
10 1978 2486 18 9
10 3720 994 21 10
10 6 1143 4 2
10 1918 2527 19 9
10 3863 993 22 11
10 135 1166 19 9
10 1914 2486 20 10
10 3913 995 19 9
10 214 1162 21 10
10 1828 2490 22 11
10 3952 995 19 9
10 254 1159 17 8
10 1752 2489 17 8
10 3994 995 22 11
10 304 1159 21 10
10 1748 2530 19 9
16 5613 486 31 15
16 3410 1570 26 13
16 5516 1212 21 10
16 4985 406 24 12
16 3630 1830 29 14
16 5515 1060 20 10
16 3557 1854 22 11
16 4505 355 21 10
16 30 2562 32 16
16 3356 1862 23 11
16 4528 911 21 10
16 692 3331 27 13
16 2978 1916 29 14
16 3844 424 22 11
16 889 3559 24 12
16 3596 1675 34 17
16 3032 612 25 12
16 2094 3708 20 10
16 3848 1826 32 16
16 3023 1196 22 11
16 2083 3624 29 14
16 4329 1655 24 12
16 2248 1785 23 11
16 3770 988 31 15
16 1002 2117 28 14
16 4654 1954 22 11
16 2357 1845 22 11
16 4252 1058 28 14
16 1008 2071 24 12
16 5605 1850 11 5
16 2039 2259 28 14
16 372 1744 25 12
16 2166 1979 22 11
16 4968 1012 24 12
16 4806 2694 25 12
16 1406 912 22 11
16 949 1756 23 11
16 1468 1743 29 14
16 2036 2209 25 12
16 5341 937 23 11
16 5082 2653 20 10
16 1463 874 30 15
16 2363 2097 25 12
16 1174 1642 27 13
16 2082 2032 25 12
16 2843 1437 21 10
16 4879 2476 29 14
16 1618 260 22 11
16 2016 1524 32 16
16 2884 1475 21 10
16 4944 3621 22 11
16 2647 26 23 11
16 2125 1445 30 15
16 3144 1492 18 9
16 4948 3724 23 11
16 2415 9 20 10
16 4253 1794 31 15
16 3164 1420 15 7
16 3754 3680 25 12
16 5327 414 22 11
16 3921 1665 24 12
16 5518 1256 21 10
16 3060 3066 23 11