30 18 1744 18 6
30 4730 1507 85 28
10 1202 2670 19 9
10 4206 948 23 11
10 1242 2668 20 10
10 4159 996 18 9
10 1288 2672 21 10
10 4159 1042 20 10
10 1310 2672 18 9
10 4160 1077 18 9
10 1330 2672 18 9
10 4157 1134 21 10
10 1355 2673 17 8
10 4158 1171 18 9
10 1416 2674 18 9
10 4161 1207 16 8
10 1458 2677 18 9
10 4207 1070 22 11
10 1542 2675 21 10
10 4208 1030 17 8
10 1562 2646 18 9
10 4204 992 22 11
10 1668 2631 17 8
10 3936 807 23 11
10 1713 2680 12 6
10 3934 828 23 11
10 1616 2572 22 11
10 4211 1493 21 10
10 1528 2584 20 10
10 4211 1453 17 8
10 1448 2582 21 10
10 4210 1402 23 11
10 1359 2581 20 10
10 4208 1315 21 10
10 1316 2578 22 11
10 4162 1290 17 8
10 1277 2578 19 9
10 4164 1332 22 11
10 1206 2611 22 11
10 4161 1424 13 6
10 1349 2615 19 9
10 4161 1463 19 9
10 1399 2616 19 9
10 3884 1444 17 8
10 1443 2617 23 11
10 3754 1453 15 7
10 1503 2619 17 8
10 3723 1450 21 10
10 1197 2528 15 7
10 3675 1456 13 6
10 1214 2528 14 7
10 3582 1449 22 11
10 1238 2527 17 8
10 3459 1452 20 10
10 1261 2528 14 7
10 3398 1457 15 7
10 1346 2529 17 8
10 3357 1467 18 9
10 1534 2536 14 7
10 3338 1404 22 11
10 1554 2538 14 7
10 3337 1366 23 11
10 1408 2532 16 8
10 3806 1446 18 9
10 1428 2533 13 6
10 3066 1428 20 10
10 1494 2537 14 7
10 3102 1302 24 12
10 1514 2536 11 5
10 3102 1260 22 11
10 1448 2533 12 6
10 3102 1215 20 10
10 1368 2528 10 5
10 3062 1237 25 12
10 1802 2637 20 10
10 3063 1190 25 12
10 1845 2642 22 11
10 2882 1133 23 11
10 1834 2584 22 11
10 3103 1137 23 11
10 1792 2582 19 9
10 3027 1102 22 11
10 1966 2722 19 9
10 3101 1041 21 10
10 2023 2756 21 10
10 3101 996 20 10
10 2025 2710 21 10
10 3099 950 19 9
10 2027 2668 16 8
10 3098 917 18 9
10 1965 2511 23 11
10 3197 898 21 10
10 2020 2458 24 12
10 3100 820 21 10
10 1965 2436 18 9
10 3100 780 19 9
10 1966 2349 21 10
10 3100 742 20 10
10 1882 3736 8 4
10 3099 666 24 12
10 1924 3707 25 12
10 3099 622 22 11
10 1911 3621 21 10
10 3098 578 23 11
10 1918 3580 23 11
10 3070 446 20 10
10 1970 3621 20 10
10 3008 513 21 10
10 1971 3586 19 9
10 2967 514 20 10
10 1976 3546 19 9
10 2682 554 22 11
10 1982 3507 20 10
10 2726 556 18 9
10 1937 3407 22 11
10 2811 554 18 9
10 1934 3445 20 10
10 433 1760 23 11
10 2764 554 18 9
10 1989 3447 17 8
10 430 1784 19 9
10 3068 368 21 10
10 1994 3407 21 10
10 382 1763 19 9
10 3069 318 21 10
10 1999 3358 21 10
10 3068 272 22 11
10 2001 3318 18 9
10 3069 188 22 11
10 2214 3736 21 10
10 3066 62 20 10
10 2078 3699 19 9
10 3067 20 21 10
10 2035 3687 18 9
10 2474 1453 22 11
10 2003 3679 17 8
10 2472 1336 22 11
10 2064 3251 20 10
10 2470 1292 18 9
10 2128 3261 16 8
10 2470 1257 17 8
10 1949 3222 18 9
10 2468 1172 19 9
10 2008 3180 18 9
10 2465 1103 18 9
10 1953 3163 22 11
10 2461 1022 17 8
10 1958 3049 21 10
10 2460 980 20 10
10 2407 3300 20 10
10 2501 938 20 10
10 2447 3306 16 8
10 2458 871 21 10
10 2216 3273 18 9
10 2457 826 15 7
10 2164 3269 21 10
10 2384 808 20 10
10 2520 3315 17 8
10 2378 1124 20 10
10 2584 3366 23 11
10 2195 1090 18 9
10 2568 3321 23 11
10 2155 1091 25 12
10 2626 3328 22 11
10 2566 555 17 8
10 2716 3340 21 10
10 2618 594 5 2
10 2713 3382 24 12
10 2761 664 18 9
10 2898 3389 18 9
10 2453 682 20 10
10 2949 3394 19 9
10 2456 726 21 10
10 3154 3422 20 10
10 2553 503 20 10
10 3198 3428 22 11
10 2418 504 23 11
10 3383 3390 19 9
10 2318 506 19 9
10 2019 2898 21 10
10 2317 556 20 10
10 2120 2813 25 12
10 2272 555 21 10
10 2167 2815 23 11
10 2362 555 25 12
10 2211 2815 22 11
10 2193 557 20 10
10 2258 2818 20 10
10 2147 557 20 10
10 2329 2821 24 12
10 2068 436 20 10
10 2479 2828 21 10
10 2033 560 22 11
10 2523 2828 19 9
10 1990 556 23 11
10 2568 2829 20 10
10 1908 559 21 10
10 2609 2830 23 11
10 1864 560 19 9
10 2649 2835 22 11
10 2029 69 14 7
10 2778 2837 20 10
10 1482 19 21 10
10 2863 2843 25 12
10 1246 42 13 6
10 2904 2841 16 8
10 1206 46 17 8
10 3127 2850 23 11
10 1090 23 21 10
10 3162 2852 19 9
10 1048 62 20 10
10 3203 2852 24 12
10 981 71 22 11
10 3271 2854 21 10
10 816 44 21 10
10 719 89 24 12
10 3319 2856 21 10
10 605 149 21 10
10 324 1739 18 9
10 3385 2857 20 10
10 644 152 20 10
10 379 1785 20 10
10 3440 2859 19 9
10 584 144 20 10
10 3273 3726 18 9
10 576 62 20 10
10 318 1760 23 11
10 3290 3686 21 10
10 538 64 19 9
10 331 1785 18 9
10 3035 3518 18 9
10 446 109 20 10
10 190 1582 19 9
10 3494 3464 16 8
10 384 72 20 10
10 363 1651 17 8
10 3619 3480 19 9
10 342 76 21 10
10 1315 1844 22 11
10 3708 3490 22 11
10 284 81 20 10
10 2004 1896 18 9
10 3931 3507 20 10
10 239 81 23 11
10 2163 1736 23 11
10 3992 3504 18 9
10 29 126 17 8
10 2223 1627 20 10
10 4027 3503 21 10
10 63 126 16 8
10 2501 1731 21 10
10 4389 3447 23 11
10 167 323 25 12
10 2732 1840 22 11
10 4094 3495 24 12
10 1450 566 22 11
10 2839 1910 20 10
10 4142 3489 18 9
10 1582 564 25 12
10 2477 1582 20 10
10 4182 3483 22 11
10 1720 563 14 7
10 2477 1538 19 9
10 4222 3475 20 10
10 1760 562 17 8
10 2891 1746 25 12
10 4293 2854 19 9
10 1373 674 24 12
10 2774 1702 20 10
10 4254 2862 18 9
10 1374 722 22 11
10 3064 1573 20 10
10 4173 2864 23 11
10 1331 710 22 11
10 3104 1580 22 11
10 4087 2866 22 11
10 1264 777 19 9
10 3105 1532 15 7
10 4050 2866 15 7
10 1210 774 18 9
10 3160 1857 17 8
10 3913 2868 17 8
10 1254 826 20 10
10 3243 1744 14 7
10 3873 2869 23 11
10 1168 810 22 11
10 3260 1719 25 12
10 3768 2936 18 9
10 1118 806 22 11
10 3468 1740 19 9
10 3702 2935 18 9
10 1073 800 21 10
10 3434 1677 23 11
10 3642 2927 17 8
10 1071 757 21 10
10 3316 1676 21 10
10 3617 2931 18 9
10 987 748 17 8
10 3252 1680 19 9
10 3556 2929 21 10
10 1024 781 21 10
10 3625 1812 19 9
10 3664 2936 19 9
10 890 741 20 10
10 3733 1810 25 12
10 3680 2754 20 10
10 850 740 20 10
10 3642 1874 18 9
10 3674 2792 19 9
10 882 783 17 8
10 3885 1696 20 10
10 3668 2825 16 8
10 836 782 19 9
10 3602 1673 21 10
10 3827 2805 19 9
10 782 760 23 11
10 3894 1851 22 11
10 3824 2738 20 10
10 760 736 20 10
10 3977 1851 22 11
10 3827 2685 19 9
10 711 737 22 11
10 4094 1852 21 10
10 3825 2642 17 8
10 724 778 21 10
10 4100 1830 23 11
10 3828 2606 15 7
10 591 735 22 11
10 4098 1804 19 9
10 3606 2865 23 11
10 526 781 19 9
10 4260 1829 24 12
10 3563 2386 18 9
10 628 779 20 10
10 4080 1665 21 10
10 3519 2386 19 9
10 686 780 20 10
10 4236 1630 25 12
10 3380 2384 20 10
10 174 526 18 9
10 4804 254 22 11
10 3724 2431 20 10
10 174 601 17 8
10 4816 109 17 8
10 3722 2468 21 10
10 77 786 21 10
10 4770 79 22 11
10 3714 2519 23 11
10 294 742 22 11
10 4744 592 22 11
10 3822 2441 18 9
10 244 745 18 9
10 4867 657 16 8
10 3823 2320 21 10
10 177 852 25 12
10 4507 1352 22 11
10 3746 2298 21 10
10 179 938 22 11
10 4506 1264 20 10
10 3822 2271 14 7
10 181 1026 17 8
10 5167 1434 13 6
10 2078 2384 21 10
10 181 1154 18 9
10 5102 1338 18 9
10 2189 2384 19 9
10 182 1197 18 9
10 5070 1240 19 9
10 2415 2385 20 10
10 185 1297 16 8
10 5588 1644 22 11
10 2458 2385 22 11
10 160 1393 25 12
10 5528 1635 21 10
10 2583 2382 20 10
10 728 1386 22 11
10 5468 1625 19 9
10 2622 2386 19 9
10 336 1485 23 11
10 5430 1613 22 11
10 2706 2385 22 11
10 258 1489 16 8
10 5362 1584 19 9
10 2744 2386 17 8
10 186 1493 20 10
10 5465 1700 21 10
10 2906 2386 24 12
10 278 1488 20 10
10 5365 1630 21 10
10 2985 2384 20 10
10 1372 900 17 8
10 5355 1683 21 10
10 3063 2386 21 10
10 1373 1025 13 6
10 5268 1665 17 8
10 3112 2386 17 8
10 1374 1065 18 9
10 5177 1650 17 8
10 3206 2386 20 10
10 1310 954 21 10
10 5106 1582 23 11
10 3820 2142 20 10
10 1314 917 20 10
10 5216 1603 18 9
10 3821 2101 22 11
10 1320 878 20 10
10 5083 1630 24 12
10 3818 1995 21 10
10 1515 1098 19 9
10 4988 1623 22 11
10 3818 1948 22 11
10 1296 1078 19 9
10 4901 1629 23 11
10 3769 1959 19 9
10 1291 1125 19 9
10 4946 1732 23 11
10 3769 2008 23 11
10 1378 1161 24 12
10 4973 1689 22 11
10 3767 2052 15 7
10 1440 1141 22 11
10 5016 1794 15 7
10 3768 2106 20 10
10 1762 1097 23 11
10 4867 1796 23 11
10 3761 2144 11 5
10 1720 1095 23 11
10 4774 1793 19 9
10 3760 2178 18 9
10 1993 1092 23 11
10 5190 1792 20 10
10 3750 2256 22 11
10 2029 1132 23 11
10 5136 1841 19 9
10 2077 1132 26 13
10 5212 1838 18 9
10 1272 1240 21 10
10 5247 1838 20 10
10 1268 1289 21 10
10 5315 1790 15 7
10 1266 1368 18 9
10 5335 1768 20 10
10 1267 1418 19 9
10 5570 1786 20 10
10 1266 1455 20 10
10 5560 2023 22 11
10 1306 1479 21 10
10 5559 1940 23 11
10 1304 1360 17 8
10 4976 1938 23 11
10 1312 1270 25 12
10 4930 1948 24 12
10 1307 1570 22 11
10 4962 2246 16 8
10 1269 1582 19 9
10 5108 2210 18 9
10 1311 1650 20 10
10 5089 2207 15 7
10 190 2465 21 10
10 5416 2376 21 10
10 192 2432 19 9
10 5452 2324 21 10
10 193 2394 18 9
10 5488 2280 21 10
10 186 2510 23 11
10 5313 2544 20 10
10 184 2556 19 9
10 5287 2642 19 9
10 194 2320 18 9
10 5378 2664 22 11
10 18 2727 19 9
10 5306 2799 21 10
10 71 2733 23 11
10 5341 2923 22 11
10 159 2822 21 10
10 5368 3019 21 10
10 151 2869 19 9
10 5063 3126 17 8
10 145 2908 18 9
10 4920 3079 21 10
10 138 2946 19 9
10 4880 2833 21 10
10 134 2983 19 9
10 4753 2852 22 11
10 130 3024 21 10
10 5428 3240 23 11
10 113 3094 18 9
10 5050 3195 18 9
10 102 3150 21 10
10 5092 3378 18 9
10 128 3219 20 10
10 4979 3266 19 9
10 82 3237 20 10
10 5528 3564 23 11
10 67 3304 20 10
10 4810 3413 24 12
10 55 3345 22 11
10 5388 3366 18 9
10 41 3396 21 10
10 5398 3400 22 11
10 30 3434 22 11
10 4790 1631 24 12
10 4 3522 16 8
10 4752 1612 18 9
10 192 3542 20 10
10 4752 1563 24 12
10 122 3528 18 9
10 4607 1569 21 10
10 165 3536 19 9
10 4584 1594 22 11
10 146 3533 14 7
10 4652 1636 19 9
10 101 3654 20 10
10 4599 1678 21 10
10 142 3665 20 10
10 4546 1690 19 9
10 185 3679 17 8
10 4532 1798 20 10
10 218 3689 16 8
10 4675 1803 22 11
10 292 3708 23 11
10 4682 1751 18 9
10 371 3732 20 10
10 4331 1848 25 12
10 395 3698 23 11
10 4530 1844 21 10
10 353 3685 17 8
10 4565 1897 19 9
10 289 3615 15 7
10 4718 2150 18 9
10 290 3596 22 11
10 4662 2264 18 9
10 299 3575 17 8
10 4577 2278 20 10
10 292 3556 24 12
10 4610 2503 15 7
10 308 3538 13 6
10 4704 2706 18 9
10 295 3646 23 11
10 4738 2726 22 11
10 909 3614 21 10
10 3870 14 17 8
10 927 3528 18 9
10 3869 48 22 11
10 886 3698 17 8
10 3872 151 21 10
10 878 3729 16 8
10 3920 134 17 8
10 920 3720 19 9
10 3917 98 17 8
10 931 3682 18 9
10 3919 229 21 10
10 992 3429 17 8
10 3919 185 15 7
10 1001 3381 23 11
10 3920 266 15 7
10 1011 3339 21 10
10 3870 314 22 11
10 1018 3300 24 12
10 3871 267 20 10
10 982 3281 15 7
10 3869 440 19 9
10 1039 3197 21 10
10 3872 481 17 8
10 1064 3072 21 10
10 3920 521 17 8
10 1026 3063 21 10
10 3920 478 20 10
10 1034 2992 22 11
10 3920 430 22 11
10 1038 2957 18 9
10 3869 389 15 7
10 1048 2877 18 9
10 3870 355 17 8
10 1054 2838 23 11
10 3920 388 16 8
10 1061 2758 22 11
10 3920 344 17 8
10 1098 2766 16 8
10 3919 312 17 8
10 1105 2731 21 10
10 4076 824 23 11
10 1108 2692 21 10
10 3934 884 23 11
10 1063 2570 22 11
10 4158 921 19 9
10 1176 2575 20 10
10 4157 959 12 6
16 2335 1084 25 12
16 4370 1608 31 15
16 3824 2556 22 11
16 2455 771 23 11
16 4516 1412 33 16
16 3667 2386 25 12
16 1368 222 27 13
16 4979 1987 23 11
16 3267 2384 22 11
16 1026 26 27 13
16 4995 2472 34 17
16 1352 713 20 10
16 4773 277 24 12
16 356 782 23 11
16 5406 1802 24 12
16 311 784 23 11
16 5000 3484 22 11
16 184 1367 29 14
16 5388 2420 26 13
16 15 3482 22 11
16 5336 2602 30 15
16 3871 203 27 13
16 572 1758 28 14
16 1070 2858 19 9
16 3629 1443 26 13
16 486 1786 25 12
16 2663 1616 21 10
16 1928 3494 28 14
16 3655 1442 30 15
16 550 1784 26 13
16 386 1737 28 14
16 2770 3349 30 15
16 3848 1437 26 13
16 3098 3416 29 14
16 3104 1408 26 13
16 3370 1676 22 11
16 2017 2969 32 16
16 3102 1082 24 12
16 3755 1665 25 12
16 2413 2823 19 9
16 3198 1036 21 10
16 3890 1808 37 18
16 3706 2572 29 14
22 4582 1636 47 23
22 3518 1814 41 20
22 158 20 23 11
22 4384 1828 35 17
22 3592 1689 32 16
22 495 1758 45 22
22 4700 760 59 29
22 946 3633 39 19
11 5519 1819 40 13
11 4439 1568 44 14
11 3843 3502 36 12
11 4774 3193 49 16
11 4657 1375 36 12
11 4280 1762 46 15
11 5270 1638 40 13