10 4480 2520 21 10
10 5517 818 21 10
10 4548 2476 17 8
10 5553 820 20 10
10 4597 2448 22 11
10 5533 797 16 8
10 4615 2434 22 11
10 5536 845 23 11
10 4652 2421 24 12
10 5075 1298 19 9
10 4670 2409 19 9
10 4184 750 22 11
10 4718 2374 22 11
10 4148 720 18 9
10 4669 2356 19 9
10 5563 3286 21 10
10 4644 2364 21 10
10 5394 3310 15 7
10 4818 2359 18 9
10 5385 3208 20 10
10 4822 2315 18 9
10 5418 3187 17 8
10 4858 2296 19 9
10 5440 3179 26 13
10 4873 2286 22 11
10 5454 3163 24 12
10 4898 2277 21 10
10 4913 3343 18 9
10 4788 2340 21 10
10 4860 3344 23 11
10 4770 2348 19 9
10 5012 3280 13 6
10 4752 2357 18 9
10 5491 2995 21 10
10 4731 2321 19 9
10 5408 2890 21 10
10 4749 2308 15 7
10 5444 2871 23 11
10 4767 2300 20 10
10 5423 2834 22 11
10 4782 2288 20 10
10 5388 2853 21 10
10 4800 2274 21 10
10 5360 2766 19 9
10 4704 2231 23 11
10 5267 2687 25 12
10 4756 2208 19 9
10 5204 2660 18 9
10 4775 2193 20 10
10 5148 2598 23 11
10 4632 2272 20 10
10 5112 2622 18 9
10 4652 2266 20 10
10 5064 2648 21 10
10 4604 2296 23 11
10 4588 2783 16 8
10 4583 2302 20 10
10 4652 2742 23 11
10 4547 2328 21 10
10 4730 2645 22 11
10 4506 2352 21 10
10 5038 2610 24 12
10 4482 2363 21 10
10 5059 2600 19 9
10 4448 2387 18 9
10 5082 2581 22 11
10 4259 1985 17 8
10 5002 2631 20 10
10 4978 2644 18 9
10 4281 1978 20 10
10 4934 2670 20 10
10 4296 1966 18 9
10 4860 2619 21 10
10 502 726 20 10
10 4314 1955 18 9
10 4893 2600 21 10
10 452 566 18 9
10 4201 2032 20 10
10 4922 2580 20 10
10 1005 465 20 10
10 4181 2043 20 10
10 4942 2569 21 10
10 1290 484 22 11
10 4110 1969 20 10
10 4956 2559 20 10
10 1216 361 20 10
10 4126 1958 21 10
10 5030 2514 22 11
10 1074 463 21 10
10 4144 1948 19 9
10 4997 2534 19 9
10 991 320 20 10
10 4161 1932 19 9
10 5062 2500 19 9
10 1682 136 19 9
10 4180 1927 20 10
10 5103 2474 24 12
10 924 3251 15 7
10 4197 1919 24 12
10 4520 2667 19 9
10 611 2936 20 10
10 4212 1904 21 10
10 4626 2606 20 10
10 4723 420 20 10
10 4250 1887 21 10
10 4643 2592 17 8
10 4738 248 21 10
10 4282 1867 22 11
10 4670 2573 22 11
10 4755 238 20 10
10 4308 1859 25 12
10 4691 2570 23 11
10 4770 223 21 10
10 4758 2526 19 9
10 4808 190 20 10
10 4836 2581 21 10
10 4820 176 21 10
10 4884 2550 18 9
10 4833 162 17 8
10 4905 2541 18 9
10 4884 112 20 10
10 4922 2530 21 10
10 4948 54 20 10
10 4938 2516 19 9
10 4962 40 21 10
10 5011 2479 20 10
10 4990 16 17 8
10 5041 2460 22 11
10 5008 9 11 5
10 111 904 21 10
10 4981 2396 19 9
10 5127 4 9 4
10 431 919 20 10
10 4951 2414 24 12
10 4938 434 22 11
10 404 736 22 11
10 4896 2446 20 10
10 5566 776 23 11
10 4842 2473 19 9
10 5097 1038 23 11
10 4825 2482 18 9
10 5496 888 20 10
10 4791 2502 18 9
10 5521 869 20 10
16 4227 2015 22 11
16 5148 662 32 16
16 4993 2487 26 13
16 1119 257 28 14
16 5572 801 20 10
16 4124 1675 30 15
16 4352 436 28 14
16 4841 2304 26 13
16 4233 1897 24 12
16 4738 489 27 13
16 4700 2396 30 15
17 4206 244 59 19
20 4393 1582 63 21
20 4408 284 79 26
20 3512 1212 79 26
20 4334 1501 81 27
20 4222 1738 83 27
20 1440 34 82 27
11 4733 348 36 12
22 4310 1436 48 24
22 4072 818 42 21
22 5297 2965 43 21
22 4376 1508 49 24
22 3947 752 41 20
22 4828 58 51 25