10 3470 2488 20 10
10 1718 508 19 9
10 3630 2389 18 9
10 1681 501 21 10
10 3607 2387 23 11
10 1683 457 18 9
10 3584 2386 22 11
10 1681 417 20 10
10 3558 2383 22 11
10 1679 367 18 9
10 3531 2383 19 9
10 1680 330 19 9
10 3472 2376 21 10
10 1805 309 20 10
10 3421 2487 20 10
10 1803 159 13 6
10 3326 2477 19 9
10 1800 197 23 11
10 3394 2365 13 6
10 1802 240 17 8
10 3422 2375 20 10
10 1799 287 23 11
10 3295 2360 20 10
10 1798 329 13 6
10 3274 2360 20 10
10 1804 460 18 9
10 3277 2473 21 10
10 1801 479 14 7
10 3256 2475 17 8
10 1801 516 16 8
10 3235 2472 17 8
10 1713 525 20 10
10 3210 2466 19 9
10 1682 540 20 10
10 3220 2353 18 9
10 1680 584 20 10
10 3247 2362 23 11
10 1685 637 21 10
10 3470 2731 22 11
10 1714 544 21 10
10 3495 2684 22 11
10 1714 569 19 9
10 3468 2679 24 12
10 1715 592 20 10
10 3440 2673 24 12
10 1716 611 20 10
10 3299 2635 22 11
10 1716 631 18 9
10 3248 2700 19 9
10 1715 648 18 9
10 4098 3445 21 10
10 1715 664 18 9
10 3967 3730 20 10
10 1806 647 24 12
10 3057 914 19 9
10 1807 625 20 10
10 3012 990 23 11
10 1807 583 17 8
10 3025 1080 21 10
10 1806 667 21 10
10 3008 1040 17 8
10 1807 683 15 7
10 2852 970 20 10
10 1687 690 20 10
10 2686 1024 22 11
10 1714 680 15 7
10 5569 346 22 11
10 1718 697 19 9
10 5526 322 20 10
10 2207 420 23 11
10 5448 281 20 10
10 2187 426 19 9
10 5103 99 20 10
10 1739 1039 25 12
10 5140 120 18 9
10 2792 1639 22 11
10 5211 159 22 11
10 1845 2143 18 9
10 5257 179 20 10
10 1884 2146 20 10
10 5332 220 17 8
10 1923 2173 20 10
10 5369 242 19 9
10 1922 2150 19 9
10 5582 302 21 10
10 1959 2153 21 10
10 5540 281 20 10
10 2053 2160 20 10
10 5490 256 24 12
10 2180 2201 23 11
10 5433 222 21 10
10 2095 2164 23 11
10 5338 177 20 10
10 2136 2167 20 10
10 5304 158 18 9
10 2172 2171 18 9
10 5184 90 16 8
10 2210 2176 19 9
10 5147 74 16 8
10 2246 2178 21 10
10 5114 53 20 10
10 2293 2179 20 10
10 5058 24 19 9
10 2334 2182 20 10
10 5020 8 20 10
10 2368 2185 16 8
10 4984 253 20 10
10 2396 2189 12 6
10 3850 689 21 10
10 2422 2190 17 8
10 4009 562 20 10
10 2528 2200 20 10
10 4014 544 21 10
10 2566 2204 22 11
10 4015 527 18 9
10 2606 2206 22 11
10 4014 508 20 10
10 2644 2209 17 8
10 4015 487 19 9
10 2678 2211 19 9
10 4017 456 19 9
10 2712 2213 19 9
10 3976 445 20 10
10 2750 2216 24 12
10 3977 509 19 9
10 2878 2226 20 10
10 3916 538 19 9
10 2917 2229 20 10
10 3916 521 18 9
10 2957 2235 17 8
10 3919 501 20 10
10 3095 2244 20 10
10 3922 480 19 9
10 3145 2249 22 11
10 3927 460 22 11
10 3183 2252 17 8
10 3926 431 20 10
10 3238 2259 23 11
10 4023 418 20 10
10 3318 2262 18 9
10 4022 402 21 10
10 3358 2267 17 8
10 3847 323 20 10
10 3398 2269 21 10
10 3926 412 17 8
10 3508 2278 19 9
10 3926 393 17 8
10 3658 2289 21 10
10 3931 375 21 10
10 3814 2386 15 7
10 3932 358 21 10
10 3746 2365 23 11
10 3933 337 21 10
10 3866 2356 20 10
10 4023 382 17 8
10 4005 2198 21 10
10 4025 364 20 10
10 4123 2244 19 9
10 4023 343 17 8
10 4496 2252 20 10
10 4027 325 21 10
10 4490 2272 19 9
10 4030 307 21 10
10 4488 2292 19 9
10 4030 276 23 11
10 4483 2311 17 8
10 4035 259 20 10
10 4479 2330 17 8
10 3983 279 23 11
10 4475 2349 22 11
10 3940 307 14 7
10 1052 3030 21 10
10 4473 2370 21 10
10 3938 286 19 9
10 4583 2395 22 11
10 3939 267 19 9
10 4587 2365 24 12
10 3938 249 18 9
10 4595 2343 19 9
10 3854 201 20 10
10 4600 2322 21 10
10 3858 157 20 10
10 4606 2303 18 9
10 3886 111 22 11
10 4606 2286 20 10
10 3941 231 19 9
10 4609 2265 20 10
10 3942 213 18 9
10 4450 1903 21 10
10 3945 198 21 10
10 4472 1906 21 10
10 3946 178 22 11
10 4641 1977 22 11
10 3949 159 23 11
10 4661 1983 20 10
10 3951 125 19 9
10 5572 2000 22 11
10 4034 219 22 11
10 5594 2006 19 9
10 4036 198 22 11
10 4368 117 22 11
10 4041 168 21 10
10 4398 129 20 10
10 4040 150 21 10
10 4603 46 23 11
10 4045 130 21 10
10 4588 87 25 12
10 3951 105 20 10
10 4563 145 20 10
10 3953 88 20 10
10 4542 185 23 11
10 4527 228 23 11
10 1030 3029 20 10
10 3958 71 21 10
10 4541 245 23 11
10 983 3020 19 9
10 4047 97 19 9
10 4520 295 22 11
10 938 3012 21 10
10 4049 63 22 11
10 4500 349 21 10
10 872 3077 20 10
10 4049 41 22 11
10 4474 344 22 11
10 920 3086 18 9
10 3956 36 23 11
10 4459 393 20 10
10 950 3092 17 8
10 3955 17 20 10
10 4440 432 21 10
10 1001 3102 17 8
10 4055 6 21 10
10 4444 485 20 10
10 1032 3106 18 9
10 2129 2257 17 8
10 4433 540 23 11
10 1556 2793 19 9
10 2148 2260 18 9
10 4423 581 22 11
10 1552 2749 16 8
10 2063 2479 23 11
10 4427 670 21 10
10 1553 2710 20 10
10 2061 2501 22 11
10 4247 584 23 11
10 1552 2674 20 10
10 2063 2524 20 10
10 4199 859 21 10
10 1510 2754 22 11
10 2560 2664 22 11
10 4205 977 19 9
10 1509 2714 16 8
10 2488 2715 22 11
10 4178 1166 23 11
10 1509 2680 19 9
10 2486 2733 18 9
10 4132 1262 19 9
10 1509 2640 21 10
10 2555 2768 21 10
10 4104 1436 22 11
10 1508 2596 19 9
10 2551 2809 21 10
10 4128 1486 23 11
10 1507 2558 24 12
10 2545 2861 19 9
10 4094 1514 24 12
10 1552 2630 19 9
10 2543 2880 20 10
10 4092 1680 22 11
10 1551 2557 19 9
10 2543 2900 17 8
10 4168 1817 20 10
10 1551 2521 18 9
10 2540 2938 18 9
10 4049 1922 22 11
10 1549 2471 20 10
10 2537 2957 19 9
10 3990 2130 24 12
10 1548 2435 21 10
10 2532 3051 18 9
10 4157 2746 22 11
10 1547 2395 23 11
10 2429 3017 19 9
10 4180 2752 24 12
10 1548 2354 20 10
10 2429 2991 18 9
10 4169 2663 18 9
10 1505 2362 20 10
10 2432 2969 20 10
10 4178 2589 18 9
10 1503 2324 19 9
10 2428 2945 18 9
10 3892 2784 19 9
10 1502 2287 20 10
10 2429 2927 18 9
10 3856 3015 18 9
10 1502 2247 22 11
10 2535 2921 18 9
10 4061 3144 22 11
10 1501 2210 18 9
10 2114 2927 18 9
10 3788 3434 22 11
10 1500 2176 18 9
10 2133 2930 22 11
10 3745 3694 22 11
10 1497 2144 18 9
10 2172 2935 17 8
10 3655 3717 22 11
10 1490 2110 17 8
10 2211 2939 20 10
10 3567 3730 22 11
10 1484 2079 17 8
10 2231 2939 20 10
10 3567 3711 18 9
10 1483 2039 17 8
10 2252 2938 19 9
10 3570 3690 22 11
10 1484 1998 19 9
10 2271 2948 22 11
10 3572 3673 22 11
10 1482 1957 17 8
10 2056 2927 18 9
10 3579 3656 22 11
10 1483 1914 20 10
10 2036 2932 18 9
10 3655 3700 23 11
10 1481 1875 18 9
10 2017 2924 20 10
10 3660 3677 23 11
10 1480 1839 19 9
10 1979 2920 20 10
10 3662 3659 25 12
10 1630 2126 21 10
10 1957 2920 19 9
10 3669 3638 23 11
10 1675 2129 19 9
10 1940 2920 19 9
10 3673 3614 21 10
10 1714 2132 17 8
10 2874 3282 18 9
10 3581 3637 19 9
10 1750 2136 20 10
10 2786 3319 21 10
10 3585 3617 22 11
10 1535 2040 18 9
10 2755 3307 17 8
10 3585 3598 18 9
10 1533 1951 18 9
10 2732 3317 21 10
10 3591 3579 21 10
10 1532 1897 22 11
10 2699 3324 20 10
10 3590 3561 18 9
10 1531 1807 21 10
10 2656 3321 17 8
10 3594 3543 18 9
10 1530 1765 20 10
10 2639 3322 21 10
10 3595 3525 18 9
10 1480 1790 22 11
10 2622 3324 20 10
10 3681 3596 16 8
10 1479 1748 19 9
10 2586 3380 18 9
10 3680 3573 22 11
10 1481 1710 17 8
10 2554 3315 18 9
10 3682 3550 23 11
10 1527 1690 20 10
10 2531 3313 22 11
10 3687 3532 20 10
10 1527 1645 19 9
10 2510 3312 19 9
10 3689 3516 21 10
10 1480 1673 23 11
10 2490 3315 21 10
10 3603 3498 20 10
10 1479 1637 18 9
10 2469 3310 23 11
10 3689 3496 16 8
10 1526 1556 22 11
10 2449 3310 19 9
10 3696 3474 18 9
10 1657 1570 23 11
10 2264 2960 0 0
10 3608 3477 23 11
10 1690 1543 21 10
10 4313 323 22 11
10 3609 3454 21 10
10 1474 1374 22 11
10 5565 2151 23 11
10 3612 3429 22 11
10 1476 1334 20 10
10 3698 3453 19 9
10 1474 1292 23 11
10 3700 3434 19 9
10 1475 1255 18 9
10 3706 3416 23 11
10 1474 1217 23 11
10 3705 3394 22 11
10 1473 1175 20 10
10 3715 3373 18 9
10 1471 1122 21 10
10 3719 3351 21 10
10 1471 1082 23 11
10 3618 3411 17 8
10 1470 1038 19 9
10 3625 3390 21 10
10 1469 1003 18 9
10 3629 3322 21 10
10 1470 965 22 11
10 3631 3301 21 10
10 1469 885 23 11
10 3630 3281 17 8
10 1468 844 22 11
10 3634 3260 20 10
10 1468 806 19 9
10 3637 3240 18 9
10 1468 773 18 9
10 3645 3224 22 11
10 1518 800 20 10
10 3647 3205 20 10
10 1466 736 24 12
10 3649 3184 23 11
10 1468 697 19 9
10 3653 3161 20 10
10 1466 661 22 11
10 3688 3307 20 10
10 1515 699 20 10
10 3715 3330 19 9
10 1516 665 18 9
10 3720 3309 17 8
10 1623 705 21 10
10 3719 3290 22 11
10 1625 687 18 9
10 3724 3269 21 10
10 1629 669 19 9
10 3729 3254 18 9
10 1624 648 18 9
10 3733 3230 16 8
10 1627 624 22 11
10 3732 3212 19 9
10 1625 594 18 9
10 3740 3185 17 8
10 1624 576 15 7
10 3745 3166 17 8
10 1622 557 16 8
10 3748 3147 20 10
10 1625 539 21 10
10 3754 3127 16 8
10 1516 632 15 7
10 3755 3107 21 10
10 1466 622 17 8
10 3758 3085 19 9
10 1466 581 20 10
10 3661 3103 22 11
10 1518 593 17 8
10 3668 3056 24 12
10 1515 540 13 6
10 3673 3039 21 10
10 1465 542 17 8
10 3675 3016 21 10
10 1464 455 20 10
10 3765 3046 20 10
10 1624 519 19 9
10 3762 3065 21 10
10 1627 497 18 9
10 3769 3023 18 9
10 1627 475 20 10
10 3770 3005 18 9
10 1623 456 18 9
10 3773 2985 20 10
10 1621 425 17 8
10 3779 2963 20 10
10 1622 406 20 10
10 3781 2938 18 9
10 1463 412 18 9
10 3679 2999 19 9
10 1463 374 18 9
10 3683 2979 18 9
10 1515 375 21 10
10 3684 2957 19 9
10 1514 333 20 10
10 3689 2939 21 10
10 1462 336 23 11
10 3749 2926 17 8
10 1512 295 20 10
10 3783 2914 20 10
10 1463 286 23 11
10 3696 2918 19 9
10 1462 243 20 10
10 3696 2898 23 11
10 1461 204 20 10
10 3697 2878 20 10
10 1460 145 17 8
10 3697 2861 18 9
10 1620 284 19 9
10 3701 2842 23 11
10 1620 263 21 10
10 3707 2825 20 10
10 1621 244 20 10
10 3707 2808 20 10
10 1618 224 16 8
10 3708 2788 22 11
10 1620 205 19 9
10 3712 2769 20 10
10 1618 185 18 9
10 3719 2747 21 10
10 1619 168 19 9
10 3720 2729 20 10
10 1622 152 19 9
10 3787 2897 21 10
10 1618 133 16 8
10 3792 2880 21 10
10 1623 115 20 10
10 3793 2864 18 9
10 1457 106 23 11
10 3795 2846 19 9
10 1456 68 19 9
10 3798 2822 20 10
10 1453 29 20 10
10 3801 2799 17 8
10 1661 82 22 11
10 3809 2775 18 9
10 1677 175 21 10
10 3812 2757 18 9
10 1679 209 17 8
10 3812 2741 21 10
10 1679 245 19 9
10 3815 2722 20 10
10 1679 290 22 11
10 3815 2694 19 9
10 1711 287 21 10
10 3719 2711 20 10
10 1709 254 20 10
10 3543 2735 17 8
10 1709 234 20 10
10 3723 2683 20 10
10 1708 217 21 10
10 3723 2665 18 9
10 1707 198 16 8
10 3726 2646 18 9
10 1707 180 18 9
10 3729 2630 19 9
10 1709 159 20 10
10 3729 2610 18 9
10 1710 142 18 9
10 3732 2593 20 10
10 1680 82 17 8
10 3737 2573 21 10
10 1698 79 18 9
10 3747 2538 21 10
10 1717 81 20 10
10 3746 2510 18 9
10 1710 310 21 10
10 3749 2485 20 10
10 1709 328 20 10
10 3756 2463 21 10
10 1711 345 21 10
10 3762 2435 22 11
10 1709 362 21 10
10 3606 2497 22 11
10 1711 392 22 11
10 3579 2496 20 10
10 1710 411 20 10
10 3559 2497 19 9
10 1711 431 21 10
10 3539 2493 22 11
10 1710 453 20 10
10 3514 2492 22 11
10 1712 472 18 9
10 3493 2489 20 10
10 1714 490 19 9
16 1892 1000 28 14
16 1779 783 24 12
16 4406 645 34 17
16 1759 785 19 9
16 1511 218 31 15
16 1798 260 26 13
16 1964 1012 23 11
16 4248 676 23 11
16 1738 785 25 12
16 1797 178 23 11
16 4572 181 31 15
16 4239 778 28 14
16 1716 783 23 11
16 1807 704 25 12
16 4503 277 36 18
16 2149 2936 25 12
20 4614 87 72 24
20 3836 2580 49 16
22 3443 2477 32 16
23 4472 416 57 19
11 2412 2760 43 14