20 2338 1614 102 34
20 880 1736 86 28
20 843 1642 85 28
30 180 1453 87 29
23 5106 1724 85 28
22 433 1621 50 25
22 3044 1600 46 23
22 118 1482 48 24
22 243 1676 39 19
22 5512 1603 50 25
10 2559 931 23 11
10 963 880 20 10
10 2361 921 26 13
10 999 880 13 6
10 2307 1023 16 8
10 1089 879 21 10
10 2165 998 21 10
10 1137 878 21 10
10 2145 1008 16 8
10 1178 878 22 11
10 2134 1407 15 7
10 1227 877 21 10
10 2138 1378 17 8
10 1250 859 20 10
10 2136 1322 23 11
10 1318 875 15 7
10 2136 1284 20 10
10 1367 874 23 11
10 2134 1262 18 9
10 1412 875 19 9
10 2135 1208 21 10
10 1455 874 24 12
10 2132 1179 14 7
10 1508 876 18 9
10 2130 1148 21 10
10 1639 873 18 9
10 2132 1118 20 10
10 1678 872 20 10
10 2122 1098 19 9
10 1726 871 22 11
10 4893 730 18 9
10 1924 868 22 11
10 4849 728 19 9
10 2010 870 20 10
10 4814 728 17 8
10 2118 864 19 9
10 4591 720 20 10
10 2162 866 21 10
10 4600 670 21 10
10 2246 816 20 10
10 4258 709 21 10
10 2291 815 16 8
10 4260 664 26 13
10 2333 816 23 11
10 4258 524 21 10
10 2379 816 22 11
10 4258 259 22 11
10 2426 815 21 10
10 3202 757 20 10
10 2255 864 20 10
10 3268 789 19 9
10 2306 863 18 9
10 3208 716 20 10
10 2344 863 17 8
10 3256 715 18 9
10 2410 863 24 12
10 3254 676 21 10
10 2455 861 20 10
10 3254 630 24 12
10 2548 861 19 9
10 3254 590 19 9
10 2589 860 20 10
10 3254 550 21 10
10 2630 860 20 10
10 3254 510 18 9
10 2674 860 18 9
10 3205 618 18 9
10 2534 814 19 9
10 3208 511 18 9
10 2576 815 22 11
10 3252 423 21 10
10 2626 812 18 9
10 3253 365 12 6
10 2663 812 21 10
10 3252 327 22 11
10 2715 811 13 6
10 3204 324 21 10
10 2949 809 22 11
10 3206 427 22 11
10 2897 811 21 10
10 3200 218 22 11
10 2854 810 17 8
10 1590 732 20 10
10 2818 810 12 6
10 1587 562 24 12
10 2781 809 22 11
10 1486 634 18 9
10 2795 858 24 12
10 1584 293 20 10
10 2874 860 21 10
10 1545 345 23 11
10 2917 858 19 9
10 829 754 20 10
10 2966 858 20 10
10 822 708 22 11
10 3008 858 20 10
10 805 590 18 9
10 3050 858 20 10
10 799 531 21 10
10 3346 861 20 10
10 785 446 19 9
10 3418 862 19 9
10 779 401 15 7
10 3461 861 21 10
10 725 446 18 9
10 3544 862 22 11
10 727 228 19 9
10 3590 860 20 10
10 720 184 23 11
10 3633 860 21 10
10 844 326 23 11
10 3674 860 18 9
10 884 321 23 11
10 3715 912 22 11
10 1006 302 24 12
10 1760 2614 25 12
10 3734 781 19 9
10 1136 282 19 9
10 2421 2250 16 8
10 3759 782 15 7
10 1188 278 22 11
10 2554 2726 15 7
10 3969 784 19 9
10 1319 256 24 12
10 3782 860 17 8
10 1465 234 23 11
10 3824 859 20 10
10 1639 162 16 8
10 3864 858 22 11
10 1680 161 20 10
10 3910 859 17 8
10 1732 160 21 10
10 3988 856 21 10
10 1852 159 20 10
10 4064 854 23 11
10 1898 158 20 10
10 4106 856 17 8
10 1953 156 21 10
10 4198 855 20 10
10 1996 156 22 11
10 4242 856 24 12
10 2040 156 19 9
10 4451 852 28 14
10 2181 151 21 10
10 4642 854 18 9
10 2240 153 18 9
10 4767 853 22 11
10 2347 153 21 10
10 4818 853 22 11
10 2401 152 22 11
10 5104 866 22 11
10 2442 151 15 7
10 4511 1410 19 9
10 2494 202 21 10
10 4663 1428 21 10
10 2554 148 21 10
10 4680 1430 15 7
10 2674 147 20 10
10 5124 1423 17 8
10 2767 145 20 10
10 5074 1379 19 9
10 2852 144 16 8
10 5124 1363 17 8
10 2962 143 18 9
10 5124 1317 17 8
10 3004 144 18 9
10 5122 1260 20 10
10 3044 144 18 9
10 5124 1214 15 7
10 3074 144 12 6
10 5124 1120 16 8
10 3116 143 18 9
10 5124 1078 18 9
10 3241 114 22 11
10 5124 1041 13 6
10 3286 120 22 11
10 5124 997 17 8
10 3375 122 18 9
10 5124 944 19 9
10 3639 120 20 10
10 5075 1139 20 10
10 3325 179 20 10
10 2630 2788 21 10
10 5012 1403 22 11
10 3365 181 20 10
10 2675 2734 26 13
10 5013 1336 19 9
10 3409 180 19 9
10 2573 2863 23 11
10 5016 1256 20 10
10 3450 178 23 11
10 5014 1122 21 10
10 3531 179 18 9
10 5018 1167 19 9
10 3574 178 21 10
10 5019 1079 18 9
10 3653 178 23 11
10 5021 1050 18 9
10 3744 177 18 9
10 5018 1000 17 8
10 3799 176 21 10
10 5019 977 21 10
10 5014 1023 16 8
10 3776 116 17 8
10 4916 918 17 8
10 3732 120 22 11
10 4894 920 19 9
10 3810 146 20 10
10 4872 922 16 8
10 3844 118 23 11
10 4848 922 23 11
10 3890 119 21 10
10 4828 921 18 9
10 3182 2952 17 8
10 3911 174 22 11
10 4802 915 20 10
10 5548 1719 19 9
10 3951 173 21 10
10 4712 924 16 8
10 5180 1604 20 10
10 3939 118 20 10
10 4629 921 19 9
10 4869 1724 22 11
10 3995 118 24 12
10 4538 916 17 8
10 4741 1724 23 11
10 4045 172 23 11
10 4559 922 21 10
10 4535 1724 19 9
10 4112 118 22 11
10 4517 918 22 11
10 4448 1683 19 9
10 4111 172 21 10
10 4485 915 11 5
10 4114 1616 21 10
10 4155 171 23 11
10 4465 918 17 8
10 4304 1613 23 11
10 4200 118 23 11
10 4332 956 20 10
10 3876 1617 23 11
10 4240 117 20 10
10 4331 981 19 9
10 3040 1626 20 10
10 4402 114 24 12
10 4336 1037 24 12
10 2740 1746 14 7
10 4356 113 19 9
10 4331 1019 19 9
10 2705 1747 14 7
10 4397 170 18 9
10 4332 1060 18 9
10 2658 1744 21 10
10 4449 169 21 10
10 4331 1127 18 9
10 2605 1745 21 10
10 4496 169 18 9
10 4330 1105 17 8
10 2678 1646 23 11
10 4589 169 18 9
10 4332 1151 20 10
10 2562 1746 22 11
10 4694 168 20 10
10 4332 1174 18 9
10 2499 1748 20 10
10 4764 168 18 9
10 4335 1214 24 12
10 2453 1748 18 9
10 4813 169 20 10
10 4332 1194 19 9
10 2395 1747 18 9
10 4781 115 16 8
10 4382 1261 19 9
10 2353 1748 21 10
10 4749 111 19 9
10 4409 1010 23 11
10 2281 1749 25 12
10 4706 111 16 8
10 4448 1012 17 8
10 2231 1749 21 10
10 4658 114 18 9
10 4467 1012 19 9
10 2190 1750 22 11
10 4613 111 13 6
10 4490 1010 19 9
10 2149 1750 16 8
10 4573 112 20 10
10 4517 1011 21 10
10 2110 1752 22 11
10 4530 113 17 8
10 4539 1013 19 9
10 2037 1751 16 8
10 4932 110 21 10
10 4562 1010 20 10
10 2094 1556 23 11
10 4892 112 19 9
10 4642 1011 20 10
10 1697 1614 18 9
10 4856 110 21 10
10 4693 1008 21 10
10 1944 1751 17 8
10 5070 103 18 9
10 4717 1010 20 10
10 1898 1752 20 10
10 4929 167 18 9
10 4764 1012 22 11
10 1848 1755 19 9
10 4964 167 19 9
10 4843 1012 23 11
10 1810 1754 17 8
10 5006 167 22 11
10 4872 1010 21 10
10 1764 1753 22 11
10 5051 164 20 10
10 4895 1012 17 8
10 1712 1754 22 11
10 5089 160 20 10
10 4918 1013 20 10
10 1662 1756 18 9
10 5132 157 21 10
10 4940 1005 21 10
10 1609 1753 24 12
10 5175 150 22 11
10 4421 1063 22 11
10 1556 1754 22 11
10 5221 141 22 11
10 4441 1062 23 11
10 1509 1756 17 8
10 5240 80 21 10
10 4464 1060 23 11
10 1462 1756 23 11
10 5200 88 19 9
10 4489 1062 23 11
10 1414 1755 23 11
10 5314 65 23 11
10 4512 1062 24 12
10 1357 1756 20 10
10 5359 54 17 8
10 4532 1066 20 10
10 1312 1757 21 10
10 5400 44 25 12
10 4612 1066 22 11
10 1365 1616 20 10
10 5515 11 20 10
10 4590 1061 24 12
10 1174 1616 20 10
10 5586 44 22 11
10 4700 1062 24 12
10 1256 1758 24 12
10 5553 3 10 5
10 4856 1060 20 10
10 1212 1758 18 9
10 5530 63 23 11
10 4882 1060 20 10
10 1168 1760 20 10
10 4911 1060 22 11
10 1128 1760 18 9
10 4934 1059 18 9
10 1067 1760 21 10
10 4480 1145 20 10
10 1022 1762 12 6
10 4455 1149 21 10
10 988 1762 20 10
10 4433 1148 19 9
10 946 1762 17 8
10 4413 1146 24 12
10 900 1763 16 8
10 4522 1148 20 10
10 979 1641 21 10
10 4567 1151 22 11
10 700 1738 23 11
10 4589 1152 19 9
10 1126 1574 14 7
10 4611 1150 22 11
10 960 1580 24 12
10 4870 1150 23 11
10 781 1668 24 12
10 4807 1148 20 10
10 740 1645 19 9
10 4912 1146 22 11
10 696 1643 19 9
10 4935 1150 20 10
10 478 1746 22 11
10 4745 1147 22 11
10 722 1669 22 11
10 4721 1147 21 10
10 667 1670 20 10
10 4650 1150 20 10
10 648 1646 20 10
10 4633 1152 19 9
10 648 1620 21 10
10 4422 1200 19 9
10 604 1620 20 10
10 4446 1202 21 10
10 585 1648 20 10
10 4470 1200 19 9
10 611 1672 18 9
10 4516 1198 17 8
10 565 1672 24 12
10 4538 1198 21 10
10 530 1647 21 10
10 4566 1198 21 10
10 534 1624 22 11
10 4585 1201 19 9
10 509 1676 22 11
10 4611 1202 21 10
10 464 1650 24 12
10 4632 1199 17 8
10 450 1677 24 12
10 4658 1201 20 10
10 396 1682 17 8
10 4681 1201 25 12
10 502 1592 22 11
10 4705 1202 23 11
10 204 1752 21 10
10 4728 1201 20 10
10 177 1714 23 11
10 4760 1206 22 11
10 205 1705 16 8
10 4784 1205 20 10
10 174 1659 22 11
10 4812 1202 19 9
10 152 1613 23 11
10 4837 1204 19 9
10 74 1621 23 11
10 4856 1199 20 10
10 148 1550 18 9
10 4875 1200 22 11
10 233 1424 23 11
10 4904 1200 17 8
10 44 3441 19 9
10 4933 1204 21 10
10 11 3441 11 5
10 4459 1307 19 9
10 158 3724 18 9
10 4460 1331 20 10
10 154 3602 17 8
10 4460 1352 20 10
10 154 3564 16 8
10 4461 1371 20 10
10 153 3526 22 11
10 4460 1392 18 9
10 182 3463 20 10
10 4461 1414 18 9
10 151 3344 22 11
10 4727 1435 17 8
10 148 3301 18 9
10 4755 1432 23 11
10 314 2986 22 11
10 4776 1431 18 9
10 194 3132 20 10
10 4836 1431 19 9
10 193 3044 20 10
10 4893 1429 20 10
10 142 3041 18 9
10 4543 1343 23 11
10 139 2954 19 9
10 4562 1343 21 10
10 192 2858 20 10
10 4586 1341 21 10
10 309 2819 22 11
10 4607 1342 19 9
10 139 2869 21 10
10 4628 1342 19 9
10 138 2827 20 10
10 4669 1344 17 8
10 136 2755 18 9
10 4690 1341 17 8
10 133 2683 18 9
10 4652 1342 17 8
10 282 2486 22 11
10 4722 1340 15 7
10 305 2466 21 10
10 4743 1340 20 10
10 130 2595 18 9
10 4768 1341 15 7
10 130 2552 19 9
10 4787 1343 20 10
10 129 2514 20 10
10 4763 1290 20 10
10 128 2475 22 11
10 4731 1290 22 11
10 180 2490 20 10
10 4703 1286 24 12
10 122 2252 20 10
10 4678 1290 23 11
10 122 2300 19 9
10 4654 1292 22 11
10 124 2341 19 9
10 4634 1294 18 9
10 245 1158 18 9
10 4611 1291 21 10
10 496 1190 17 8
10 4586 1292 20 10
10 551 1189 18 9
10 4568 1292 20 10
10 796 1345 19 9
10 4543 1290 21 10
10 79 1047 23 11
10 4858 1337 17 8
10 80 882 24 12
10 4881 1342 21 10
10 275 1152 20 10
10 4925 1341 20 10
10 274 1110 25 12
10 4784 1290 24 12
10 276 1064 17 8
10 4810 1292 20 10
10 274 1022 21 10
10 4850 1288 22 11
10 275 979 18 9
10 4871 1293 20 10
10 270 937 21 10
10 4912 1294 18 9
10 9 760 12 6
10 4930 1290 21 10
10 75 709 24 12
10 3612 1313 23 11
10 58 488 22 11
10 3611 1254 19 9
10 76 16 19 9
10 3631 1252 20 10
10 130 27 20 10
10 3654 1254 15 7
10 135 69 20 10
10 3737 1181 19 9
10 142 108 21 10
10 3761 1290 19 9
10 158 238 20 10
10 3769 1312 19 9
10 165 280 21 10
10 2616 1476 19 9
10 178 372 25 12
10 2616 1498 18 9
10 100 179 20 10
10 2718 1336 19 9
10 184 421 21 10
10 2475 1166 17 8
10 192 474 19 9
10 2438 1172 20 10
10 200 524 21 10
10 2442 1127 20 10
10 219 666 22 11
10 2564 1200 21 10
10 232 751 20 10
10 2562 1176 20 10
10 224 716 17 8
10 2562 1149 19 9
10 213 624 24 12
10 2562 1109 20 10
10 363 888 21 10
10 2562 1079 22 11
10 453 886 21 10
10 2562 1054 18 9
10 550 885 21 10
10 2560 1035 22 11
10 613 884 18 9
10 2561 1015 25 12
10 801 882 22 11
10 2564 994 15 7
10 844 882 19 9
10 2472 1072 18 9
10 880 882 19 9
10 2459 928 21 10
10 922 882 19 9
16 1238 316 28 14
16 839 804 32 16
16 4638 170 23 11
16 1822 818 23 11
16 2211 864 24 12
16 5470 23 29 14
16 3308 862 22 11
16 3241 860 23 11
16 4513 854 22 11
16 5463 862 26 13
16 4500 1144 23 11
16 1011 1579 27 13
16 4663 1060 35 17
16 883 1581 29 14
16 5078 992 26 13
16 407 1650 30 15
16 2448 2040 23 11
16 1265 1578 27 13
16 5018 1191 23 11
16 2430 2205 27 13
16 3307 2704 24 12
16 855 1762 33 16
16 4570 1063 23 11
16 1075 1574 33 16
16 3221 2991 27 13
16 31 1858 30 15
16 3644 1332 27 13
16 94 1457 31 15
16 2736 1338 27 13
16 275 1266 34 17
16 3257 753 16 8
16 22 267 30 15
16 3252 268 26 13
16 409 887 25 12