22 1881 1732 35 17
22 4016 1980 26 13
22 2656 1725 43 21
22 1796 3522 33 16
22 757 1873 60 30
22 2681 1299 32 16
22 1764 3497 43 21
22 3795 1966 39 19
22 1301 1068 51 25
22 2972 967 33 16
22 1861 2134 36 18
22 5287 1656 45 22
22 1523 1016 34 17
30 5551 1674 80 26
30 4536 1814 86 28
20 556 1364 79 26
10 328 2438 19 9
10 1737 3530 19 9
10 3256 1474 17 8
10 134 343 21 10
10 365 2438 15 7
10 2376 3518 22 11
10 2974 1430 22 11
10 130 405 20 10
10 396 2438 15 7
10 2328 3520 16 8
10 2767 1681 20 10
10 88 366 23 11
10 483 2437 13 6
10 2242 3520 16 8
10 2712 1682 18 9
10 77 484 21 10
10 520 2437 12 6
10 2492 3518 23 11
10 2654 1684 19 9
10 485 342 19 9
10 469 2479 20 10
10 2528 3515 16 8
10 2690 1701 18 9
10 450 124 19 9
10 508 2478 15 7
10 2560 3469 17 8
10 2606 1685 16 8
10 396 122 20 10
10 548 2479 17 8
10 2564 3434 21 10
10 2556 1682 21 10
10 319 115 18 9
10 595 2477 17 8
10 2597 3513 16 8
10 2434 1722 23 11
10 540 132 23 11
10 633 2476 18 9
10 2594 3555 22 11
10 2369 1745 21 10
10 672 142 20 10
10 656 2437 17 8
10 2600 3480 19 9
10 1786 1492 20 10
10 713 145 19 9
10 756 2435 18 9
10 2610 3402 23 11
10 1906 1449 20 10
10 789 153 17 8
10 828 2435 18 9
10 2618 3357 21 10
10 1912 1207 16 8
10 665 1008 22 11
10 866 2435 16 8
10 2571 3346 15 7
10 1912 1174 18 9
10 712 1015 22 11
10 912 2435 21 10
10 2291 3520 17 8
10 1912 1020 20 10
10 714 1067 14 7
10 712 2478 20 10
10 2205 3522 14 7
10 1912 1131 15 7
10 741 973 24 12
10 758 2477 21 10
10 2165 3521 18 9
10 2089 1234 17 8
10 738 950 23 11
10 799 2478 15 7
10 2120 3522 19 9
10 2154 1283 19 9
10 588 1187 18 9
10 836 2475 15 7
10 3135 3597 21 10
10 2125 1359 20 10
10 596 1152 18 9
10 872 2476 17 8
10 2922 3279 21 10
10 2126 1378 20 10
10 603 1116 20 10
10 916 2476 19 9
10 2934 3226 23 11
10 2125 1401 21 10
10 632 962 22 11
10 955 2475 15 7
10 2896 3228 19 9
10 2656 1465 23 11
10 640 907 19 9
10 992 2476 18 9
10 2904 3178 22 11
10 2708 1463 18 9
10 682 910 19 9
10 1034 2473 19 9
10 2962 3046 18 9
10 2728 1470 16 8
10 690 868 17 8
10 1082 2471 16 8
10 3114 3123 19 9
10 2750 1472 15 7
10 696 823 19 9
10 1122 2471 19 9
10 2938 3041 24 12
10 2475 1304 19 9
10 648 867 18 9
10 1160 2474 20 10
10 3535 3732 13 6
10 2514 1304 19 9
10 658 822 22 11
10 1196 2479 20 10
10 3488 3711 19 9
10 2428 1307 12 6
10 624 697 21 10
10 1195 2430 18 9
10 3490 3674 20 10
10 2344 1306 15 7
10 662 691 20 10
10 1154 2431 15 7
10 3483 3738 3 1
10 2924 1473 17 8
10 697 682 20 10
10 1114 2430 17 8
10 3554 3549 20 10
10 2926 1384 20 10
10 782 665 17 8
10 1068 2430 16 8
10 3561 3514 15 7
10 2942 1286 20 10
10 832 660 21 10
10 1032 2431 15 7
10 3566 3478 23 11
10 2974 1262 21 10
10 902 700 19 9
10 995 2432 16 8
10 3521 3472 17 8
10 2927 1256 17 8
10 321 722 23 11
10 951 2433 17 8
10 3513 3510 17 8
10 2928 1218 18 9
10 354 718 17 8
10 2033 2428 18 9
10 3884 3588 18 9
10 2972 1218 18 9
10 400 716 18 9
10 2071 2429 17 8
10 3809 3340 20 10
10 2972 1147 21 10
10 444 710 15 7
10 2130 2427 13 6
10 3816 3310 16 8
10 2974 1104 16 8
10 518 707 19 9
10 2214 3217 21 10
10 3820 3280 21 10
10 2930 1136 16 8
10 477 709 19 9
10 2212 3195 19 9
10 3580 3400 18 9
10 2931 1024 13 6
10 471 760 19 9
10 2218 3160 22 11
10 3588 3364 16 8
10 2972 1024 21 10
10 510 758 20 10
10 2222 3102 19 9
10 3593 3331 13 6
10 2929 919 22 11
10 556 753 18 9
10 2224 3082 22 11
10 3604 3279 23 11
10 2930 872 25 12
10 598 754 18 9
10 2168 2998 19 9
10 3548 3315 21 10
10 2973 839 20 10
10 389 766 21 10
10 2127 2811 24 12
10 3542 3352 18 9
10 2974 792 21 10
10 346 770 17 8
10 2303 2782 19 9
10 3538 3388 18 9
10 2930 785 22 11
10 302 772 21 10
10 2347 2721 20 10
10 3924 3594 20 10
10 2975 752 17 8
10 265 774 18 9
10 1766 2995 18 9
10 3963 3600 16 8
10 2975 711 19 9
10 238 720 22 11
10 1770 2958 20 10
10 4040 3614 19 9
10 2930 744 17 8
10 194 715 20 10
10 1768 2940 9 4
10 4084 3619 16 8
10 2927 704 23 11
10 155 712 19 9
10 1771 2923 20 10
10 4122 3628 19 9
10 2929 664 20 10
10 225 774 19 9
10 1772 2887 22 11
10 4211 3642 19 9
10 2929 627 21 10
10 185 774 17 8
10 1772 2905 19 9
10 4302 3655 22 11
10 3014 597 23 11
10 142 779 20 10
10 1766 2978 20 10
10 4383 3706 19 9
10 2789 574 18 9
10 79 840 15 7
10 1881 2982 20 10
10 4402 3598 17 8
10 2880 576 17 8
10 26 858 19 9
10 1883 2948 22 11
10 4434 3467 21 10
10 2956 526 19 9
10 60 650 20 10
10 1884 2968 20 10
10 4536 3504 20 10
10 2901 528 21 10
10 57 689 21 10
10 1879 2929 22 11
10 134 3603 22 11
10 4557 3421 17 8
10 2826 526 19 9
10 103 637 21 10
10 1890 2909 16 8
10 18 3602 23 11
10 4579 3328 21 10
10 2751 528 24 12
10 108 599 18 9
10 1889 2892 17 8
10 51 3605 16 8
10 4618 3737 19 9
10 2713 528 21 10
10 108 558 22 11
10 1892 2814 18 9
10 4704 3710 22 11
10 2663 572 21 10
10 72 539 20 10
10 1892 2796 20 10
10 4742 3720 19 9
10 3050 678 24 12
10 76 874 20 10
10 1891 2776 21 10
10 4790 3734 25 12
10 3095 679 23 11
10 25 896 20 10
10 1892 2757 17 8
10 5386 3660 16 8
10 3140 678 19 9
10 22 940 19 9
10 1893 2737 16 8
10 5398 3624 21 10
10 3103 636 21 10
10 23 976 12 6
10 1895 2719 17 8
10 5553 3578 20 10
10 3063 638 20 10
10 44 1044 17 8
10 1895 2698 14 7
10 5592 3588 20 10
10 3184 635 20 10
10 42 1150 20 10
10 1777 2842 19 9
10 5583 3449 19 9
10 3300 637 21 10
10 68 1163 21 10
10 1776 2825 21 10
10 5329 3498 25 12
10 3239 680 19 9
10 71 1245 21 10
10 1774 2804 19 9
10 5358 3467 19 9
10 3243 599 20 10
10 67 1113 19 9
10 1777 2782 20 10
10 5278 3427 21 10
10 3017 515 18 9
10 41 1217 22 11
10 1776 2764 18 9
10 5214 3439 18 9
10 3524 923 23 11
10 968 696 17 8
10 1778 2745 16 8
10 5179 3421 18 9
10 3326 677 20 10
10 1010 692 20 10
10 1780 2722 16 8
10 5103 3384 18 9
10 3371 676 20 10
10 1063 687 18 9
10 1782 2703 20 10
10 5050 3314 17 8
10 3491 681 19 9
10 1101 686 20 10
10 1784 2685 21 10
10 5017 3301 19 9
10 3518 638 17 8
10 1225 676 19 9
10 1781 2666 19 9
10 4962 3324 18 9
10 3650 640 21 10
10 1265 676 17 8
10 1822 2635 22 11
10 4916 3262 18 9
10 3696 638 20 10
10 1310 673 18 9
10 1845 2624 19 9
10 4880 3251 22 11
10 3674 683 22 11
10 1397 666 16 8
10 1896 2631 17 8
10 5458 3450 23 11
10 3716 681 22 11
10 1441 665 21 10
10 1894 2610 20 10
10 5488 3360 20 10
10 3764 724 20 10
10 948 652 17 8
10 1784 2624 16 8
10 5474 3407 23 11
10 3765 780 22 11
10 981 649 19 9
10 1785 2606 20 10
10 5500 3322 23 11
10 3766 922 23 11
10 1021 647 19 9
10 1782 2584 15 7
10 5515 3270 23 11
10 3765 965 20 10
10 1060 645 20 10
10 1896 2571 16 8
10 5528 3228 20 10
10 3766 1006 21 10
10 1106 644 20 10
10 1899 2590 19 9
10 5544 3160 24 12
10 3764 1116 22 11
10 1150 660 21 10
10 1784 2566 20 10
10 5564 3074 21 10
10 3765 1164 21 10
10 1148 639 23 11
10 1788 2546 21 10
10 5578 3019 20 10
10 3765 1202 17 8
10 1228 636 21 10
10 1784 2526 20 10
10 5596 2950 22 11
10 3766 1242 17 8
10 1268 633 15 7
10 1788 2486 17 8
10 5602 2905 21 10
10 3810 995 20 10
10 1392 625 17 8
10 1899 2550 20 10
10 5607 2870 18 9
10 3809 766 20 10
10 1750 730 20 10
10 1898 2530 21 10
10 5609 2832 17 8
10 3808 721 20 10
10 1904 744 20 10
10 1900 2510 21 10
10 5614 2796 16 8
10 3834 685 20 10
10 1904 685 22 11
10 1902 2491 17 8
10 4886 3296 19 9
10 3877 685 22 11
10 1906 858 16 8
10 1868 2300 21 10
10 4797 3326 19 9
10 4058 684 19 9
10 1906 819 14 7
10 1887 2325 22 11
10 4850 3281 22 11
10 3809 1257 19 9
10 1610 658 20 10
10 1885 2259 20 10
10 4762 3215 19 9
10 3810 1165 18 9
10 1644 655 12 6
10 1886 2212 22 11
10 4751 3253 21 10
10 3811 1125 13 6
10 1646 611 19 9
10 1864 2222 22 11
10 4711 3242 18 9
10 4614 1540 18 9
10 1434 623 22 11
10 1799 2260 15 7
10 4678 3234 19 9
10 4616 1501 20 10
10 1474 619 20 10
10 1802 2294 20 10
10 4643 3224 17 8
10 4613 1407 19 9
10 1516 618 19 9
10 1799 2225 22 11
10 4679 3191 19 9
10 4578 1334 18 9
10 1560 617 18 9
10 1798 2181 21 10
10 4567 3167 21 10
10 4578 1246 18 9
10 1598 614 19 9
10 1844 2070 20 10
10 4472 3191 23 11
10 4531 1450 22 11
10 2674 448 23 11
10 1885 2078 20 10
10 4392 3180 18 9
10 4484 1457 14 7
10 2611 529 20 10
10 4443 3149 18 9
10 1865 2044 26 13
10 4617 1205 16 8
10 2569 530 22 11
10 4483 3156 20 10
10 90 3606 17 8
10 1863 2000 15 7
10 4615 1162 17 8
10 2527 530 18 9
10 4200 3151 22 11
10 70 3604 18 9
10 1844 2015 20 10
10 4622 902 20 10
10 2528 572 17 8
10 4244 3158 21 10
10 1797 2017 20 10
10 4621 854 19 9
10 2487 575 18 9
10 4162 3146 19 9
10 180 3565 16 8
10 1798 2052 17 8
10 4624 803 14 7
10 2447 576 19 9
10 4352 3174 19 9
10 178 3530 18 9
10 1821 2017 13 6
10 4580 882 18 9
10 2342 578 18 9
10 4245 3117 22 11
10 132 3528 21 10
10 1760 1790 23 11
10 4582 782 16 8
10 2332 534 19 9
10 4078 3133 20 10
10 132 3484 19 9
10 3958 2392 17 8
10 4580 744 22 11
10 2303 578 20 10
10 4038 3123 23 11
10 131 3406 20 10
10 3998 2441 19 9
10 5564 706 21 10
10 2290 535 20 10
10 3994 3116 22 11
10 130 3370 20 10
10 4041 2445 20 10
10 5404 708 22 11
10 2251 580 20 10
10 3956 3109 22 11
10 129 3333 18 9
10 4086 2413 22 11
10 5348 711 21 10
10 2206 580 20 10
10 3916 3102 19 9
10 131 3295 21 10
10 4124 2456 17 8
10 5146 712 21 10
10 2201 538 24 12
10 3873 3093 22 11
10 168 3252 14 7
10 4180 2424 19 9
10 4973 712 18 9
10 2158 539 21 10
10 4068 3088 21 10
10 168 3194 15 7
10 4168 2463 17 8
10 4848 713 23 11
10 2048 584 21 10
10 4153 2996 24 12
10 169 3285 13 6
10 4212 2469 21 10
10 4830 670 19 9
10 2002 585 18 9
10 4028 3082 22 11
10 169 3320 17 8
10 4220 2428 18 9
10 5376 667 18 9
10 2027 543 19 9
10 3928 3060 22 11
10 129 3234 21 10
10 4258 2435 16 8
10 4694 711 20 10
10 1990 542 15 7
10 3885 3052 23 11
10 129 3155 19 9
10 4294 2439 17 8
10 4744 670 22 11
10 1898 438 25 12
10 3840 3195 18 9
10 169 3121 18 9
10 4331 2445 17 8
10 4658 665 23 11
10 1899 384 18 9
10 3714 3057 22 11
10 166 3086 17 8
10 4377 2452 14 7
10 4506 687 20 10
10 1899 252 16 8
10 3787 3073 21 10
10 128 3054 18 9
10 4432 2460 19 9
10 4545 689 15 7
10 1901 163 20 10
10 3809 3035 22 11
10 124 3021 20 10
10 4327 2487 18 9
10 4456 689 17 8
10 1899 87 21 10
10 3763 3030 17 8
10 124 2980 18 9
10 4359 2491 15 7
10 4588 618 21 10
10 1902 40 21 10
10 3725 3020 22 11
10 121 2876 21 10
10 4388 2496 12 6
10 4587 542 16 8
10 1747 24 22 11
10 3648 3092 19 9
10 230 3028 17 8
10 4557 2478 18 9
10 4590 438 23 11
10 1747 60 18 9
10 3642 3125 15 7
10 271 3030 16 8
10 4596 2483 18 9
10 4629 424 19 9
10 1747 106 19 9
10 3632 3166 20 10
10 306 3030 17 8
10 4633 2486 20 10
10 4628 525 19 9
10 1747 146 22 11
10 3621 3206 17 8
10 352 3030 20 10
10 4483 2507 17 8
10 4627 612 23 11
10 1746 198 22 11
10 3572 3202 17 8
10 412 3028 19 9
10 4518 2512 19 9
10 4278 689 22 11
10 1746 242 20 10
10 3580 3164 19 9
10 227 2990 21 10
10 4555 2517 19 9
10 4307 645 16 8
10 1746 288 20 10
10 3589 3127 20 10
10 263 2987 19 9
10 4626 2528 18 9
10 4266 646 17 8
10 1746 356 19 9
10 3601 3086 23 11
10 303 2986 19 9
10 4663 2532 20 10
10 4232 586 24 12
10 4328 686 20 10
10 3532 2957 15 7
10 351 2983 23 11
10 4706 2540 22 11
10 4100 685 23 11
10 3020 466 22 11
10 3506 2988 21 10
10 508 3025 20 10
10 4754 2505 22 11
10 4146 688 22 11
10 3018 370 20 10
10 3544 3002 18 9
10 560 3024 20 10
10 4803 2512 22 11
10 4118 644 22 11
10 3018 314 22 11
10 3469 2973 19 9
10 605 3024 22 11
10 4854 2559 22 11
10 4070 644 21 10
10 3017 269 21 10
10 3375 2932 19 9
10 651 3023 19 9
10 4892 2564 22 11
10 4633 373 16 8
10 920 582 24 12
10 3336 2914 20 10
10 688 3023 20 10
10 5061 2358 21 10
10 4636 334 17 8
10 926 534 20 10
10 3393 2896 22 11
10 728 3024 20 10
10 4986 2537 20 10
10 4636 290 20 10
10 931 470 20 10
10 3354 2880 20 10
10 770 3024 17 8
10 5048 2545 24 12
10 4592 348 19 9
10 941 388 17 8
10 3323 2866 16 8
10 812 3022 21 10
10 5114 2596 19 9
10 4599 220 19 9
10 944 346 19 9
10 3290 2848 24 12
10 853 3020 19 9
10 5181 2606 21 10
10 4642 183 20 10
10 955 245 21 10
10 3254 2876 21 10
10 892 3022 18 9
10 5225 2614 18 9
10 4774 50 18 9
10 960 207 21 10
10 3219 2861 20 10
10 932 3021 17 8
10 5299 2622 14 7
10 4722 52 21 10
10 964 162 19 9
10 3242 2829 20 10
10 970 3021 21 10
10 5309 2586 22 11
10 4470 9 22 11
10 972 81 22 11
10 3136 2822 20 10
10 1014 3021 20 10
10 5366 2633 16 8
10 4430 7 18 9
10 867 157 20 10
10 3128 2778 20 10
10 1078 3020 18 9
10 5400 2638 19 9
10 4288 6 21 10
10 833 156 18 9
10 2853 2696 23 11
10 1118 3020 20 10
10 5442 2646 21 10
10 4126 36 19 9
10 977 38 19 9
10 2906 2718 20 10
10 1156 3020 21 10
10 5484 2650 21 10
10 5002 50 22 11
10 1053 1749 21 10
10 2940 2732 20 10
10 1118 2980 20 10
10 5541 2657 23 11
10 5090 52 15 7
10 984 1721 20 10
10 3043 2782 17 8
10 1084 2978 15 7
10 5559 2621 19 9
10 5128 53 23 11
10 1143 1720 18 9
10 3079 2797 22 11
10 1040 2980 18 9
10 5484 2611 22 11
10 5456 43 20 10
10 1248 1844 21 10
10 3006 2721 17 8
10 984 2980 16 8
10 5435 2604 23 11
10 5521 42 14 7
10 1192 1750 23 11
10 2962 2702 19 9
10 944 2980 20 10
10 5393 2596 19 9
10 5556 42 14 7
10 1246 1723 20 10
10 2924 2684 18 9
10 904 2979 21 10
10 5156 2119 22 11
10 3916 36 16 8
10 1298 1720 14 7
10 2832 2643 15 7
10 864 2981 20 10
10 5230 1901 14 7
10 3776 49 20 10
10 1318 1746 21 10
10 2798 2628 19 9
10 800 2978 21 10
10 5314 1786 21 10
10 3774 104 19 9
10 1354 1716 20 10
10 2754 2610 20 10
10 760 2980 19 9
10 5375 1785 15 7
10 3773 241 21 10
10 1397 1716 19 9
10 2716 2596 16 8
10 719 2981 18 9
10 5448 1761 20 10
10 3773 284 23 11
10 1470 1716 21 10
10 3040 2738 19 9
10 673 2981 18 9
10 5434 1787 23 11
10 3774 325 21 10
10 1512 1714 20 10
10 2690 2743 25 12
10 633 2982 18 9
10 5184 1812 20 10
10 3772 366 22 11
10 1644 1718 11 5
10 2679 2785 20 10
10 590 2984 21 10
10 5165 1786 23 11
10 4152 601 17 8
10 1602 1716 19 9
10 2664 2828 17 8
10 548 2983 20 10
10 5063 1790 21 10
10 3810 512 15 7
10 3598 2078 19 9
10 2644 2912 20 10
10 504 2984 22 11
10 4989 1788 21 10
10 3770 461 21 10
10 3576 2079 23 11
10 2635 2950 17 8
10 58 3717 19 9
10 4805 1803 22 11
10 3770 513 22 11
10 2628 2990 24 12
10 101 3711 16 8
10 5380 1694 20 10
10 3769 558 22 11
10 2546 2992 18 9
10 135 3705 21 10
10 4068 1976 21 10
10 1425 1025 18 9
10 2692 2888 21 10
10 180 3702 20 10
10 4632 2089 19 9
10 1445 1027 15 7
10 2709 2826 22 11
10 223 3695 19 9
10 4610 2090 19 9
10 1406 1022 19 9
10 2723 2784 18 9
10 268 3690 17 8
10 4593 2094 22 11
10 1755 844 23 11
10 2735 2740 19 9
10 309 3684 22 11
10 4469 2093 18 9
10 1752 783 18 9
10 2684 2928 20 10
10 361 3680 21 10
10 3937 2069 17 8
10 1556 1527 21 10
10 2674 2966 19 9
10 412 3675 21 10
10 4023 2075 21 10
10 1380 1422 20 10
10 2662 3031 20 10
10 459 3670 20 10
10 4042 2074 21 10
10 1358 1422 20 10
10 2655 3065 18 9
10 506 3670 22 11
10 4063 2072 23 11
10 1314 1423 20 10
10 2606 3106 21 10
10 560 3667 19 9
10 4116 2048 19 9
10 1275 1424 24 12
10 2642 3146 18 9
10 600 3667 17 8
10 4093 2046 19 9
10 1239 1426 22 11
10 2635 3186 23 11
10 612 3625 19 9
10 2232 1873 19 9
10 1323 1345 20 10
10 2592 3185 18 9
10 243 3629 19 9
10 2276 1871 17 8
10 1412 1376 19 9
10 2587 3225 23 11
10 282 3628 14 7
10 2326 1869 23 11
10 1411 1356 18 9
10 2635 2557 19 9
10 321 3628 18 9
10 2382 1866 21 10
10 1410 1319 19 9
10 2992 2390 19 9
10 364 3627 22 11
10 2550 1866 23 11
10 1408 1288 18 9
10 2595 2538 18 9
10 404 3628 18 9
10 2604 1863 22 11
10 1322 1324 23 11
10 2562 2522 17 8
10 447 3626 19 9
10 2692 1864 22 11
10 1321 1302 23 11
10 2528 2509 20 10
10 486 3626 16 8
10 2826 1863 21 10
10 1186 1318 20 10
10 2486 2490 21 10
10 523 3624 16 8
10 2873 1862 20 10
10 1184 1285 19 9
10 2445 2471 16 8
10 576 3626 20 10
10 3030 1860 17 8
10 1184 1267 14 7
10 2412 2456 18 9
10 777 3619 20 10
10 3218 1912 25 12
10 1181 1250 17 8
10 2486 2530 23 11
10 740 3621 17 8
10 3214 1858 21 10
10 1186 1230 23 11
10 2526 2549 19 9
10 700 3624 20 10
10 3211 1815 25 12
10 1276 1228 22 11
10 2166 2544 20 10
10 713 3666 17 8
10 3118 1857 24 12
10 1278 1246 22 11
10 2238 2429 20 10
10 748 3666 20 10
10 2991 1860 20 10
10 1278 1265 22 11
10 2273 2437 19 9
10 826 3666 17 8
10 3040 2269 19 9
10 1184 1174 19 9
10 2302 2450 12 6
10 862 3666 16 8
10 3102 2251 15 7
10 1279 1285 26 13
10 2342 2468 22 11
10 896 3666 19 9
10 3119 2286 19 9
10 1279 1305 23 11
10 2313 2406 19 9
10 924 3666 11 5
10 3138 2289 20 10
10 1278 1324 23 11
10 2265 2390 23 11
10 908 3617 22 11
10 3102 2289 21 10
10 1282 1345 25 12
10 2218 2385 20 10
10 866 3619 18 9
10 3154 2288 21 10
10 593 2162 23 11
10 2101 2245 17 8
10 988 3618 17 8
10 3175 2288 16 8
10 637 2169 15 7
10 2463 2292 21 10
10 952 3619 18 9
10 2946 2280 18 9
10 664 2134 20 10
10 1303 3019 21 10
10 1025 3620 20 10
10 2946 2262 12 6
10 660 2115 19 9
10 1339 3018 17 8
10 1072 3620 19 9
10 2954 2247 18 9
10 622 2098 19 9
10 1376 3019 21 10
10 1112 3619 18 9
10 3318 1853 18 9
10 657 2164 21 10
10 1424 3016 19 9
10 1153 3620 20 10
10 3371 1854 20 10
10 849 1776 20 10
10 1465 3018 22 11
10 1192 3619 18 9
10 3402 1809 18 9
10 722 1728 23 11
10 1493 2976 20 10
10 1272 3616 16 8
10 3517 1786 19 9
10 667 1731 22 11
10 1446 2974 19 9
10 1312 3618 14 7
10 3577 1808 19 9
10 626 1730 18 9
10 1403 2976 20 10
10 1352 3616 15 7
10 3508 1856 22 11
10 382 1760 22 11
10 1364 2978 20 10
10 1410 3621 20 10
10 3549 1854 21 10
10 426 1714 19 9
10 1325 2977 23 11
10 1451 3617 20 10
10 3589 1852 20 10
10 390 1716 18 9
10 1272 2937 18 9
10 1496 3616 21 10
10 3629 1854 15 7
10 354 1715 16 8
10 1268 2900 14 7
10 980 3665 21 10
10 3468 1854 19 9
10 268 1717 17 8
10 1267 2869 10 5
10 1016 3665 19 9
10 4409 1772 24 12
10 307 1715 17 8
10 1268 2840 15 7
10 1058 3664 18 9
10 4421 1908 19 9
10 687 1824 21 10
10 1230 2834 22 11
10 1099 3663 20 10
10 4448 1908 17 8
10 778 1847 25 12
10 1231 2793 23 11
10 1167 3663 20 10
10 4248 1827 21 10
10 484 1854 23 11
10 1228 2748 20 10
10 1203 3663 16 8
10 4100 1824 21 10
10 515 1582 17 8
10 1226 2704 20 10
10 1240 3662 20 10
10 4531 1774 17 8
10 254 1897 23 11
10 1226 2655 21 10
10 1280 3662 21 10
10 4494 1724 19 9
10 944 1888 20 10
10 1224 2607 22 11
10 1324 3660 22 11
10 4132 1686 20 10
10 981 1888 21 10
10 1223 2556 19 9
10 1371 3662 21 10
10 3919 1781 24 12
10 1023 1888 18 9
10 1229 2872 20 10
10 1409 3663 17 8
10 3623 1671 20 10
10 330 1895 24 12
10 1264 2706 15 7
10 1450 3664 17 8
10 3580 1669 16 8
10 387 1895 24 12
10 1266 2744 12 6
10 1488 3661 21 10
10 3523 1670 20 10
10 230 1719 19 9
10 1263 2552 20 10
10 1531 3662 21 10
10 3442 1670 19 9
10 185 1720 15 7
10 1264 2510 17 8
10 1574 3662 19 9
10 3766 1568 18 9
10 90 1605 17 8
10 1266 2471 20 10
10 2164 3591 17 8
10 3807 1591 19 9
10 44 1594 18 9
10 1222 2507 18 9
10 2183 3592 17 8
10 3806 1544 16 8
10 40 1558 17 8
10 517 2722 21 10
10 2204 3590 21 10
10 3767 1501 18 9
10 88 1566 21 10
10 498 2719 20 10
10 2224 3586 20 10
10 3766 1438 18 9
10 275 1522 19 9
10 478 2719 22 11
10 2208 3332 19 9
10 3809 1408 17 8
10 382 1514 20 10
10 458 2718 20 10
10 2209 3294 21 10
10 3516 1456 23 11
10 410 1518 17 8
10 498 2636 19 9
10 2213 3275 22 11
10 3765 1342 20 10
10 329 1444 19 9
10 414 2704 22 11
10 1848 3448 18 9
10 3810 1342 20 10
10 280 1479 18 9
10 375 2706 25 12
10 1850 3415 22 11
10 3809 1301 19 9
10 248 1454 20 10
10 357 2706 22 11
10 1852 3396 19 9
10 3442 1433 16 8
10 37 1513 24 12
10 340 2708 22 11
10 1852 3379 19 9
10 3389 1672 20 10
10 78 1471 13 6
10 120 2796 23 11
10 1850 3362 20 10
10 3350 1672 19 9
10 77 1436 22 11
10 117 2723 18 9
10 1836 3552 22 11
10 3309 1673 16 8
10 74 1388 20 10
10 116 2638 21 10
10 1839 3535 25 12
10 3224 1675 23 11
10 75 1350 16 8
10 115 2602 20 10
10 1846 3500 16 8
10 3141 1675 19 9
10 10 1420 19 9
10 114 2562 22 11
10 1846 3484 15 7
10 3101 1674 22 11
10 30 1423 23 11
10 113 2518 20 10
10 1839 3518 20 10
10 3172 1741 25 12
10 29 1384 20 10
10 153 2521 19 9
10 1849 3434 19 9
10 2827 1726 24 12
10 25 1339 20 10
10 263 2485 20 10
10 1746 3409 21 10
10 2832 1680 17 8
10 24 1298 21 10
10 305 2482 25 12
10 1750 3364 23 11
10 2972 1600 17 8
10 165 21 20 10
10 374 2481 19 9
10 1757 3286 22 11
10 2973 1562 18 9
10 118 114 23 11
10 112 2354 21 10
10 1754 3323 19 9
10 2969 1522 20 10
10 126 13 14 7
10 107 2214 20 10
10 1760 3247 17 8
10 2928 1515 19 9
10 217 108 19 9
10 251 2440 16 8
10 1745 3456 19 9
10 2926 1568 18 9
10 144 207 21 10
10 287 2439 16 8
10 1741 3491 17 8
10 3144 1477 13 6
10 140 248 19 9
16 822 704 23 11
16 4187 1800 26 13
16 706 778 27 13
16 4095 1780 24 12
16 1546 932 26 13
16 2830 1826 28 14
16 578 1232 26 13
16 2989 1816 24 12
16 614 1043 26 13
16 3416 1854 23 11
16 658 1055 21 10
16 3269 1674 24 12
16 650 1099 24 12
16 3933 1636 33 16
16 778 1726 34 17
16 3574 1457 27 13
16 938 1722 23 11
16 2581 1303 26 13
16 2253 1307 25 12
16 482 1628 32 16
16 2932 1066 25 12
16 3529 3430 22 11
16 1302 630 22 11
16 2724 573 29 14
16 3844 3581 22 11
16 1746 426 30 15
16 2841 572 24 12
16 1855 122 29 14
16 4961 669 23 11
16 5140 3358 24 12
16 1188 1720 26 13
16 5010 668 24 12
16 4840 3239 26 13
16 4630 476 20 10
16 3083 2756 22 11
16 4435 645 32 16
16 580 2438 24 12
16 4554 257 26 13
16 699 2438 21 10
16 4608 133 26 13
16 2167 2959 22 11
16 3774 155 22 11
16 1768 2440 27 13
16 1286 1871 29 14
16 1914 2134 28 14
16 448 1891 36 18
16 3787 2691 20 10
16 22 1014 16 8
16 4043 2406 25 12
16 22 1061 15 7
16 4046 2192 23 11
16 21 1104 20 10
16 4095 2187 21 10
16 19 1147 21 10
16 110 3612 34 17
16 4926 2529 29 14
16 21 1206 17 8
16 2622 3304 27 13
16 5161 2563 23 11
16 1058 1888 18 9
16 3538 3692 23 11
16 5352 2591 23 11
16 1099 1887 18 9
16 4902 1682 20 10
16 1142 1886 20 10
16 4994 1617 23 11
16 272 110 29 14
16 5084 1765 25 12
16 776 709 24 12
16 4040 1975 20 10