11 81 2305 40 13
11 2740 3454 44 14
11 2103 2514 46 15
11 3272 727 36 12
22 2747 1812 40 20
22 4421 1318 46 23
22 4316 1346 49 24
22 4232 1406 49 24
10 2678 1146 20 10
10 1057 3030 22 11
10 4374 598 17 8
10 4778 3171 23 11
10 2672 1164 19 9
10 1021 3002 20 10
10 4360 655 17 8
10 4658 3173 21 10
10 2671 1184 19 9
10 870 3033 22 11
10 4355 692 21 10
10 4652 3214 20 10
10 2664 1204 20 10
10 724 2954 22 11
10 4344 730 19 9
10 4706 3071 20 10
10 2659 1222 20 10
10 777 3160 20 10
10 4338 766 17 8
10 4716 3013 24 12
10 2653 1243 20 10
10 745 3202 21 10
10 4239 821 19 9
10 4722 2969 17 8
10 2696 1362 17 8
10 718 3235 21 10
10 4171 817 16 8
10 4725 2926 18 9
10 2721 1371 20 10
10 1266 3454 23 11
10 3928 886 21 10
10 4484 2926 19 9
10 2760 1382 16 8
10 1312 3390 19 9
10 4018 803 21 10
10 4536 2932 19 9
10 2742 1375 19 9
10 1177 3574 19 9
10 3978 799 18 9
10 4392 2914 25 12
10 2782 1386 17 8
10 1092 3689 21 10
10 4120 810 22 11
10 4403 2881 10 5
10 2798 1390 19 9
10 219 3729 21 10
10 3893 793 21 10
10 5542 3214 17 8
10 2820 1392 15 7
10 273 3694 25 12
10 3764 780 17 8
10 5546 3176 18 9
10 2840 1400 16 8
10 366 3625 23 11
10 3721 775 18 9
10 5518 3046 17 8
10 2856 1403 15 7
10 481 3531 20 10
10 4276 914 22 11
10 4706 2796 19 9
10 2878 1409 16 8
10 578 3440 21 10
10 4269 953 24 12
10 4750 2715 18 9
10 2908 1410 14 7
10 616 3400 21 10
10 4260 1001 21 10
10 4754 2670 22 11
10 2927 1416 14 7
10 646 3365 23 11
10 4246 1066 24 12
10 4760 2632 16 8
10 2694 1530 17 8
10 112 3034 19 9
10 4238 1109 24 12
10 4760 2588 16 8
10 2658 1513 18 9
10 139 3006 19 9
10 4180 1135 19 9
10 5596 2830 20 10
10 2699 1507 20 10
10 219 2922 12 6
10 4212 1258 23 11
10 5602 2790 20 10
10 2678 1474 18 9
10 295 2828 20 10
10 4206 1304 22 11
10 4214 2494 22 11
10 2685 1438 22 11
10 350 2866 19 9
10 3284 775 20 10
10 4254 2491 19 9
10 2694 1420 22 11
10 242 2838 21 10
10 3332 777 17 8
10 4294 2491 18 9
10 2795 1449 20 10
10 406 2677 24 12
10 3373 782 18 9
10 4342 2490 20 10
10 2792 1469 20 10
10 386 2710 21 10
10 3628 1902 23 11
10 4424 2490 20 10
10 2787 1493 19 9
10 552 2689 20 10
10 3410 1920 8 4
10 4549 2486 21 10
10 2783 1517 15 7
10 662 2771 18 9
10 3675 1818 20 10
10 4592 2484 21 10
10 2824 1526 17 8
10 717 2815 20 10
10 3786 1813 20 10
10 4285 2250 15 7
10 2826 1506 18 9
10 404 2576 21 10
10 3868 1811 22 11
10 5133 2471 20 10
10 2832 1486 18 9
10 368 2552 19 9
10 3922 1810 17 8
10 5176 2471 22 11
10 2830 1462 23 11
10 233 2450 18 9
10 3995 1762 23 11
10 4893 2476 20 10
10 2916 1500 18 9
10 154 2389 14 7
10 4144 1494 18 9
10 4882 2276 22 11
10 2911 1522 22 11
10 93 2344 18 9
10 4343 1655 21 10
10 4902 2216 19 9
10 3058 1508 15 7
10 64 2323 18 9
10 4611 1700 25 12
10 4865 2216 21 10
10 3120 1455 22 11
10 232 2309 21 10
10 4603 1679 24 12
10 4754 2227 21 10
10 3094 1556 21 10
10 1282 3218 19 9
10 4520 1654 18 9
10 4836 2167 19 9
10 3100 1536 17 8
10 1161 3149 16 8
10 4765 1670 24 12
10 4861 2165 15 7
10 3092 1303 20 10
10 1613 3446 21 10
10 4773 1697 22 11
10 4882 2163 19 9
10 3102 1264 21 10
10 1519 3378 19 9
10 4780 1770 21 10
10 4902 2168 16 8
10 3110 1214 22 11
10 2176 3382 18 9
10 5032 1791 21 10
10 5213 2076 20 10
10 3119 1177 19 9
10 2624 3380 22 11
10 4717 1447 19 9
10 5207 2030 26 13
10 3130 1132 23 11
10 3046 3600 18 9
10 4735 1388 18 9
10 4900 2059 16 8
10 3018 1311 23 11
10 3296 3736 17 8
10 4732 1361 20 10
10 4881 2018 19 9
10 3303 1172 16 8
10 3230 3700 18 9
10 4733 1301 19 9
10 4860 2012 20 10
10 3144 1076 20 10
10 2356 3204 21 10
10 4497 1280 18 9
10 4831 2012 19 9
10 3158 1016 21 10
10 2322 2987 20 10
10 4387 1270 20 10
10 4832 2064 19 9
10 3180 920 22 11
10 2336 2943 20 10
10 4422 1274 19 9
10 4851 2065 20 10
10 3236 670 17 8
10 2326 2899 21 10
10 4354 1271 19 9
10 4471 2105 20 10
10 3142 704 21 10
10 2388 2773 22 11
10 4332 1271 20 10
10 4493 2076 17 8
10 3128 848 23 11
10 1866 2845 21 10
10 5327 1642 21 10
10 4512 2072 17 8
10 3242 634 19 9
10 1741 2754 21 10
10 5164 1645 22 11
10 4549 2072 24 12
10 3265 535 16 8
10 2324 2512 17 8
10 5591 1661 17 8
10 4570 2072 17 8
10 3274 492 19 9
10 2232 2512 18 9
10 5577 1491 20 10
10 4589 2063 18 9
10 3286 438 21 10
10 2038 2516 20 10
10 5573 1436 19 9
10 4590 2021 21 10
10 3296 394 22 11
10 1990 2516 20 10
10 5573 1396 14 7
10 4643 2018 21 10
10 3313 324 19 9
10 1841 2519 21 10
10 5572 1365 13 6
10 4510 2023 21 10
10 3341 197 20 10
10 150 1853 17 8
10 1791 2520 17 8
10 5497 1308 19 9
10 4434 2074 17 8
10 3350 149 14 7
10 195 1876 21 10
10 1674 2579 24 12
10 3466 2478 22 11
10 4412 2080 21 10
10 3396 86 17 8
10 248 1851 21 10
10 1538 2547 23 11
10 3515 2477 25 12
10 4391 2074 23 11
10 3434 90 21 10
10 1497 2538 19 9
10 3652 2473 20 10
10 4269 1975 20 10
10 3473 95 20 10
10 1481 2638 19 9
10 3669 2262 22 11
10 4261 2050 24 12
10 3518 101 22 11
10 3037 3062 21 10
10 3756 2422 26 13
10 3556 106 19 9
10 3082 3074 20 10
10 3773 2475 21 10
10 3639 119 20 10
10 3118 3084 13 6
10 3912 2470 19 9
10 3676 123 19 9
10 3274 3059 18 9
10 3955 2470 22 11
10 3774 136 19 9
10 3389 3129 21 10
10 3994 2469 21 10
10 3812 141 22 11
10 3296 3174 21 10
10 3871 2242 16 8
10 3880 150 19 9
10 3441 3142 17 8
10 3890 2206 16 8
10 4174 190 20 10
10 3412 3094 20 10
10 4085 2344 23 11
10 4210 195 17 8
10 3501 3119 22 11
10 4088 2306 17 8
10 4341 215 18 9
10 2903 2490 24 12
10 4147 2300 20 10
10 4381 220 17 8
10 2979 2489 19 9
10 4150 2261 15 7
10 4061 176 20 10
10 3226 2482 19 9
10 4150 2228 17 8
10 4344 418 20 10
10 3364 2480 19 9
10 4092 2214 15 7
10 4424 388 22 11
10 3145 2418 20 10
10 4090 2256 20 10
10 4439 335 22 11
10 3153 2339 20 10
10 4096 2168 13 6
10 4514 237 21 10
10 3164 2156 19 9
10 4040 2060 11 5
10 4564 244 21 10
10 3166 2117 20 10
10 3773 3648 18 9
10 4604 252 17 8
10 3134 1956 21 10
10 3851 3608 20 10
10 4692 260 18 9
10 2954 2017 16 8
10 3870 3555 19 9
10 4759 272 19 9
10 2512 2189 20 10
10 3908 3623 22 11
10 4846 282 16 8
10 2518 2137 19 9
10 3946 3480 23 11
10 4896 290 22 11
10 2542 1930 18 9
10 3896 3448 24 12
10 5084 368 21 10
10 2538 1984 23 11
10 3923 3348 21 10
10 5002 307 19 9
10 2284 1840 25 12
10 3962 3330 21 10
10 5168 330 19 9
10 206 1750 26 13
10 3981 3344 24 12
10 5290 344 20 10
10 562 1739 24 12
10 3972 3386 22 11
10 5327 352 15 7
10 800 1724 23 11
10 4617 3580 25 12
10 5424 364 17 8
10 1124 1721 21 10
10 4691 3452 21 10
10 5462 368 19 9
10 1040 1860 28 14
10 4660 3370 17 8
10 5576 405 19 9
10 1589 1968 22 11
10 4677 3288 20 10
10 5580 360 18 9
10 1595 1832 17 8
10 4552 3372 20 10
10 5582 318 20 10
10 1766 1850 19 9
10 4510 3360 20 10
10 5586 272 19 9
10 1763 1824 21 10
10 4404 3336 23 11
10 5568 688 20 10
10 1832 1799 21 10
10 4456 3388 18 9
10 5566 643 21 10
10 1831 1706 23 11
10 4549 3412 15 7
10 5566 603 21 10
10 1688 1801 19 9
10 4222 3297 20 10
10 5567 555 23 11
10 1522 1805 20 10
10 4279 3276 18 9
10 5566 935 19 9
10 2380 1788 21 10
10 4178 3287 20 10
10 5567 893 17 8
10 38 2178 18 9
10 2420 1813 23 11
10 4139 3276 21 10
10 5566 861 20 10
10 33 2094 17 8
10 2533 1838 19 9
10 4093 3268 20 10
10 5564 826 16 8
10 602 1844 18 9
10 2591 1786 21 10
10 3970 3145 23 11
10 5564 784 20 10
10 41 2219 17 8
10 2676 1834 20 10
10 4058 2997 18 9
10 5608 1032 9 4
10 34 2060 19 9
10 2622 626 19 9
10 3992 3024 22 11
10 2639 627 13 6
10 32 2016 20 10
10 5568 1100 16 8
10 4031 2924 24 12
10 2657 626 20 10
10 715 1986 18 9
10 5569 1141 16 8
10 4024 2854 22 11
10 2674 628 20 10
10 32 1972 23 11
10 5572 1184 21 10
10 4046 2704 22 11
10 2602 624 18 9
10 762 1984 19 9
10 5574 1260 18 9
10 4039 2749 20 10
10 2758 448 20 10
10 5462 976 17 8
10 4059 2617 20 10
10 2758 468 21 10
10 5416 971 23 11
10 4103 2700 19 9
10 2754 490 13 6
10 5375 966 20 10
10 4110 2660 18 9
10 2763 510 20 10
10 5386 1034 17 8
10 4086 2681 23 11
10 2642 397 19 9
10 5267 949 22 11
10 4096 2595 19 9
10 2642 420 16 8
10 5226 944 20 10
10 5472 3696 20 10
10 2582 630 13 6
10 5210 1002 17 8
10 5466 3734 10 5
10 2592 546 20 10
10 451 1848 14 7
10 5023 945 23 11
10 5484 3611 19 9
10 2609 546 18 9
10 711 1869 14 7
10 4984 940 20 10
10 5516 3392 20 10
10 2645 545 16 8
10 1083 2023 18 9
10 4898 929 23 11
10 5452 3285 24 12
10 2836 681 25 12
10 1084 1970 18 9
10 4853 922 21 10
10 5407 3280 25 12
10 2840 607 19 9
10 870 1838 21 10
10 4869 843 21 10
10 5132 3305 22 11
10 2834 550 23 11
10 1224 1860 19 9
10 4999 915 23 11
10 5097 3264 26 13
10 2834 529 18 9
10 1038 2306 22 11
10 4756 910 24 12
10 5138 3231 20 10
10 2839 464 20 10
10 1175 2443 19 9
10 4598 888 23 11
10 5099 3226 20 10
10 2641 333 20 10
10 1220 2457 17 8
10 4474 870 17 8
10 5008 3208 21 10
10 2753 374 21 10
10 993 2464 21 10
10 4433 864 21 10
10 5018 3251 19 9
10 2832 362 18 9
10 976 2504 21 10
10 4392 520 20 10
10 4968 3243 24 12
10 2690 1116 22 11
10 958 2544 22 11
10 4383 562 21 10
10 4796 3214 23 11
16 4524 1589 35 17
16 3083 1364 29 14
16 4676 2010 23 11
16 691 3272 31 15
16 3342 742 27 13
16 4133 1548 12 6
16 4143 2350 25 12
16 3847 787 21 10
16 1340 1832 26 13
16 5497 1688 26 13
16 5526 2430 77 38
16 2541 1606 34 17
16 3498 790 29 14
16 4116 2616 24 12
16 3601 1591 23 11
16 3167 975 19 9
16 3703 188 20 10
16 4702 2847 28 14
16 4298 1658 25 12
16 3205 793 37 18
16 5256 3254 26 13
16 4140 1469 19 9
16 4004 1810 29 14
16 4970 2285 31 15
16 3854 1590 29 14
16 3682 770 24 12
16 4878 2068 24 12
17 3151 940 51 17
17 3440 748 37 12